1958.208	8.7599
1958.292	10.3703748201
1958.375	10.2923916067
1958.458	9.7644083933
1958.542	8.3948832134
1958.625	7.3369
1958.708	5.4789167866
1958.792	4.8093916067
1958.875	5.3514083933
1958.958	6.5634251799
1959.042	7.3839
1959.125	8.0159167866
1959.208	8.2179335731
1959.292	9.0984083933
1959.375	9.5404251799
1959.458	9.2724419664
1959.542	7.5329167866
1959.625	5.6649335731
1959.708	4.5769503597
1959.792	3.8674251799
1959.875	5.2794419664
1959.958	5.931458753
1960.042	6.6519335731
1960.125	7.0639503597
1960.208	7.5459671463
1960.292	8.8564419664
1960.375	9.738458753
1960.458	9.1704755396
1960.542	7.6309503597
1960.625	5.2329671463
1960.708	3.3549839329
1960.792	2.895458753
1960.875	3.9374755396
1960.958	4.9994923261
1961.042	5.6099671463
1961.125	6.2519839329
1961.208	6.9640007194
1961.292	7.7744755396
1961.375	8.7464923261
1961.458	7.8085091127
1961.542	6.4789839329
1961.625	4.5710007194
1961.708	2.453017506
1961.792	2.9034923261
1961.875	3.4955091127
1961.958	4.2775258993
1962.042	5.0780007194
1962.125	5.570017506
1962.208	6.5620342926
1962.292	7.3825091127
1962.375	7.6345258993
1962.458	7.0465426859
1962.542	5.947017506
1962.625	3.6390342926
1962.708	2.3710510791
1962.792	1.4015258993
1962.875	2.5435426859
1962.958	3.4155594724
1963.042	4.3360342926
1963.125	4.5480510791
1963.208	5.2000678657
1963.292	6.6005426859
1963.375	7.3325594724
1963.458	6.424576259
1963.542	4.5650510791
1963.625	2.4670678657
1963.708	0.7790846523
1963.792	0.4295594724
1963.875	1.431576259
1963.958	2.4935930456
1964.042	3.6240678657
1964.125	3.9960846523
1964.208	4.5281014388
1964.292	5.438576259
1964.375	5.7905930456
1964.458	5.3026098321
1964.542	3.7230846523
1964.625	1.8551014388
1964.708	-0.2728817746
1964.792	-0.3124069544
1964.875	0.5596098321
1964.958	1.3516266187
1965.042	1.9521014388
1965.125	2.8241182254
1965.208	3.146135012
1965.292	4.2566098321
1965.375	4.1586266187
1965.458	3.7406434053
1965.542	3.1311182254
1965.625	0.423135012
1965.708	-0.7048482014
1965.792	-1.3443733813
1965.875	0.0976434053
1965.958	0.5196601918
1966.042	1.590135012
1966.125	2.4321517986
1966.208	3.1041685851
1966.292	4.4546434053
1966.375	4.4666601918
1966.458	4.0786769784
1966.542	2.5891517986
1966.625	0.4411685851
1966.708	-1.4168146283
1966.792	-2.0863398082
1966.875	-0.5243230216
1966.958	0.637693765
1967.042	1.4981685851
1967.125	1.8001853717
1967.208	2.2122021583
1967.292	3.4626769784
1967.375	3.914693765
1967.458	2.8767105516
1967.542	1.2071853717
1967.625	-0.5507978417
1967.708	-2.2887810552
1967.792	-2.418306235
1967.875	-1.1362894484
1967.958	-0.0242726619
1968.042	0.4562021583
1968.125	0.9082189448
1968.208	1.5202357314
1968.292	2.5207105516
1968.375	2.9427273381
1968.458	2.6047441247
1968.542	1.2552189448
1968.625	-0.9827642686
1968.708	-2.730747482
1968.792	-3.0202726619
1968.875	-2.0882558753
1968.958	-0.6862390887
1969.042	0.3442357314
1969.125	0.636252518
1969.208	1.7282693046
1969.292	2.6187441247
1969.375	3.1707609113
1969.458	2.4627776978
1969.542	1.453252518
1969.625	-0.8847306954
1969.708	-2.3027139089
1969.792	-3.0322390887
1969.875	-2.0902223022
1969.958	-0.9582055156
1970.042	-0.1677306954
1970.125	0.6642860911
1970.208	1.4163028777
1970.292	2.5467776978
1970.375	2.3587944844
1970.458	1.820811271
1970.542	0.3812860911
1970.625	-1.4066971223
1970.708	-3.1246803357
1970.792	-3.1942055156
1970.875	-2.502188729
1970.958	-1.4801719424
1971.042	-0.5696971223
1971.125	-0.1876803357
1971.208	0.1843364508
1971.292	0.654811271
1971.375	1.6668280576
1971.458	1.1888448441
1971.542	-0.1706803357
1971.625	-2.1786635492
1971.708	-4.4066467626
1971.792	-4.3261719424
1971.875	-3.2241551559
1971.958	-2.1421383693
1972.042	-1.5116635492
1972.125	-0.7796467626
1972.208	-0.787629976
1972.292	1.0528448441
1972.375	1.2748616307
1972.458	0.1668784173
1972.542	-1.0026467626
1972.625	-2.860629976
1972.708	-4.3786131894
1972.792	-4.3781383693
1972.875	-3.0661215827
1972.958	-2.1441047962
1973.042	-1.283629976
1973.125	-0.3916131894
1973.208	0.2204035971
1973.292	1.2908784173
1973.375	2.1428952038
1973.458	1.6049119904
1973.542	0.2753868106
1973.625	-1.4125964029
1973.708	-3.3405796163
1973.792	-3.8001047962
1973.875	-2.9480880096
1973.958	-2.596071223
1974.042	-2.0155964029
1974.125	-0.7835796163
1974.208	-0.1415628297
1974.292	0.8989119904
1974.375	1.320928777
1974.458	0.1529455635
1974.542	-1.0665796163
1974.625	-3.1445628297
1974.708	-5.0725460432
1974.792	-5.242071223
1974.875	-4.3500544365
1974.958	-3.1980376499
1975.042	-2.1775628297
1975.125	-1.5755460432
1975.208	-1.2635292566
1975.292	-0.1230544365
1975.375	0.5189623501
1975.458	-0.0990208633
1975.542	-1.6985460432
1975.625	-3.8565292566
1975.708	-5.43451247
1975.792	-5.7240376499
1975.875	-4.8220208633
1975.958	-3.7300040767
1976.042	-2.8595292566
1976.125	-1.82751247
1976.208	-1.1854956835
1976.292	-0.1950208633
1976.375	-0.1930040767
1976.458	-1.0909872902
1976.542	-2.16051247
1976.625	-4.6684956835
1976.708	-6.5264788969
1976.792	-6.8560040767
1976.875	-5.5839872902
1976.958	-4.2419705036
1977.042	-3.3314956835
1977.125	-2.9894788969
1977.208	-1.2974621103
1977.292	-0.2469872902
1977.375	0.4250294964
1977.458	-0.472953717
1977.542	-1.8824788969
1977.625	-4.3304621103
1977.708	-5.7284453237
1977.792	-5.8779705036
1977.875	-4.865953717
1977.958	-3.8039369305
1978.042	-2.5834621103
1978.125	-2.4114453237
1978.208	-1.1294285372
1978.292	-0.228953717
1978.375	-0.0169369305
1978.458	-0.1649201439
1978.542	-1.9044453237
1978.625	-4.0224285372
1978.708	-6.1904117506
1978.792	-6.2799369305
1978.875	-5.0679201439
1978.958	-4.0459033573
1979.042	-2.9354285372
1979.125	-2.5134117506
1979.208	-1.061394964
1979.292	-0.5109201439
1979.375	-0.3789033573
1979.458	-0.4568865707
1979.542	-2.3064117506
1979.625	-4.224394964
1979.708	-6.1223781775
1979.792	-6.0419033573
1979.875	-5.0498865707
1979.958	-3.6778697842
1980.042	-2.717394964
1980.125	-2.4053781775
1980.208	-0.8633613909
1980.292	-0.0728865707
1980.375	0.3491302158
1980.458	0.0711470024
1980.542	-1.9883781775
1980.625	-3.8163613909
1980.708	-5.4543446043
1980.792	-5.6238697842
1980.875	-4.6318529976
1980.958	-3.709836211
1981.042	-2.8693613909
1981.125	-1.7373446043
1981.208	-0.8053278177
1981.292	-0.0148529976
1981.375	0.367163789
1981.458	-0.2608194245
1981.542	-2.1503446043
1981.625	-4.6183278177
1981.708	-6.2363110312
1981.792	-6.235836211
1981.875	-4.8638194245
1981.958	-3.6918026379
1982.042	-2.7413278177
1982.125	-2.0993110312
1982.208	-1.1472942446
1982.292	-0.1168194245
1982.375	0.4151973621
1982.458	-0.5527858513
1982.542	-2.1523110312
1982.625	-4.5102942446
1982.708	-6.448277458
1982.792	-6.5678026379
1982.875	-5.3857858513
1982.958	-4.2137690647
1983.042	-3.5632942446
1983.125	-2.471277458
1983.208	-2.1692606715
1983.292	-0.3787858513
1983.375	0.2732309353
1983.458	-0.2547522782
1983.542	-1.824277458
1983.625	-3.8722606715
1983.708	-5.9202438849
1983.792	-6.0197690647
1983.875	-4.9377522782
1983.958	-3.6057354916
1984.042	-2.6852606715
1984.125	-2.1232438849
1984.208	-1.5212270983
1984.292	-0.3307522782
1984.375	0.3312645084
1984.458	-0.456718705
1984.542	-2.0262438849
1984.625	-4.1342270983
1984.708	-6.4122103118
1984.792	-6.2717354916
1984.875	-4.969718705
1984.958	-3.4977019185
1985.042	-3.1172270983
1985.125	-2.2952103118
1985.208	-0.8431935252
1985.292	-0.372718705
1985.375	0.2192980815
1985.458	-0.5886851319
1985.542	-2.3782103118
1985.625	-4.2061935252
1985.708	-6.0841767386
1985.792	-6.3537019185
1985.875	-5.1216851319
1985.958	-3.8596683453
1986.042	-3.3091935252
1986.125	-2.7171767386
1986.208	-2.115159952
1986.292	-0.4846851319
1986.375	-0.0026683453
1986.458	-0.5806515588
1986.542	-2.4801767386
1986.625	-4.688159952
1986.708	-5.6761431655
1986.792	-6.5156683453
1986.875	-5.2236515588
1986.958	-4.0616347722
1987.042	-2.891159952
1987.125	-2.8091431655
1987.208	-1.9371263789
1987.292	-0.4866515588
1987.375	0.1653652278
1987.458	-0.5226179856
1987.542	-2.0721431655
1987.625	-4.2301263789
1987.708	-5.9181095923
1987.792	-5.9776347722
1987.875	-4.7356179856
1987.958	-3.663601199
1988.042	-2.5631263789
1988.125	-1.4411095923
1988.208	-0.7990928058
1988.292	0.3513820144
1988.375	0.743398801
1988.458	0.1254155875
1988.542	-1.0341095923
1988.625	-3.4520928058
1988.708	-5.0600760192
1988.792	-4.979601199
1988.875	-4.0375844125
1988.958	-2.9555676259
1989.042	-1.5850928058
1989.125	-1.3530760192
1989.208	-0.7910592326
1989.292	0.7594155875
1989.375	0.8514323741
1989.458	0.2334491607
1989.542	-1.2760760192
1989.625	-3.5840592326
1989.708	-5.472042446
1989.792	-5.4015676259
1989.875	-4.2895508393
1989.958	-3.0575340528
1990.042	-2.2370592326
1990.125	-1.125042446
1990.208	-0.5630256595
1990.292	-0.1025508393
1990.375	0.7694659472
1990.458	-0.3385172662
1990.542	-1.968042446
1990.625	-3.9260256595
1990.708	-5.7540088729
1990.792	-5.5735340528
1990.875	-4.2515172662
1990.958	-3.1195004796
1991.042	-2.7390256595
1991.125	-1.9770088729
1991.208	-0.6049920863
1991.292	0.6954827338
1991.375	1.0374995204
1991.458	-0.090483693
1991.542	-2.1600088729
1991.625	-4.6279920863
1991.708	-6.3559752998
1991.792	-6.3855004796
1991.875	-5.053483693
1991.958	-3.8714669065
1992.042	-2.8709920863
1992.125	-2.1389752998
1992.208	-1.5169585132
1992.292	-0.416483693
1992.375	-0.0444669065
1992.458	-0.4324501199
1992.542	-2.8819752998
1992.625	-5.0799585132
1992.708	-7.1879417266
1992.792	-6.9574669065
1992.875	-6.0854501199
1992.958	-4.9634333333
1993.042	-3.6629585132
1993.125	-3.4809417266
1993.208	-2.44892494
1993.292	-1.7784501199
1993.375	-0.9864333333
1993.458	-1.7844165468
1993.542	-4.1039417266
1993.625	-5.92192494
1993.708	-7.6599081535
1993.792	-7.6994333333
1993.875	-6.5374165468
1993.958	-5.1653997602
1994.042	-3.96492494
1994.125	-3.4129081535
1994.208	-2.4708913669
1994.292	-1.3604165468
1994.375	-1.0683997602
1994.458	-2.0363829736
1994.542	-3.5959081535
1994.625	-5.6438913669
1994.708	-7.5018745803
1994.792	-7.2813997602
1994.875	-5.9593829736
1994.958	-4.6373661871
1995.042	-3.8268913669
1995.125	-3.0148745803
1995.208	-2.1728577938
1995.292	-0.8323829736
1995.375	-0.5703661871
1995.458	-1.1983494005
1995.542	-2.8778745803
1995.625	-5.5258577938
1995.708	-6.6038410072
1995.792	-6.9133661871
1995.875	-5.5813494005
1995.958	-4.4793326139
1996.042	-3.2188577938
1996.125	-2.1768410072
1996.208	-1.3748242206
1996.292	-1.1043494005
1996.375	-0.6723326139
1996.458	-1.0103158273
1996.542	-2.5098410072
1996.625	-4.8078242206
1996.708	-6.7758074341
1996.792	-6.8653326139
1996.875	-5.6833158273
1996.958	-4.4612990408
1997.042	-3.7408242206
1997.125	-2.9288074341
1997.208	-2.5767906475
1997.292	-0.8663158273
1997.375	-0.7042990408
1997.458	-1.8822822542
1997.542	-3.2918074341
1997.625	-5.4797906475
1997.708	-7.5677738609
1997.792	-7.1672990408
1997.875	-5.6252822542
1997.958	-3.8632654676
1998.042	-3.1127906475
1998.125	-2.5207738609
1998.208	-1.3887570743
1998.292	-0.0982822542
1998.375	0.5337345324
1998.458	-0.0242486811
1998.542	-1.3237738609
1998.625	-3.3217570743
1998.708	-5.3797402878
1998.792	-5.1292654676
1998.875	-4.1372486811
1998.958	-2.6552318945
1999.042	-1.7347570743
1999.125	-0.9727402878
1999.208	-0.4907235012
1999.292	0.6897513189
1999.375	0.5317681055
1999.458	-0.2562151079
1999.542	-1.2357402878
1999.625	-3.9137235012
1999.708	-6.1317067146
1999.792	-5.7012318945
1999.875	-4.4792151079
1999.958	-3.2271983213
2000.042	-2.1667235012
2000.125	-2.0347067146
2000.208	-1.1126899281
2000.292	-0.0322151079
2000.375	-0.3901983213
2000.458	-0.3981815348
2000.542	-2.3677067146
2000.625	-4.2256899281
2000.708	-5.4836731415
2000.792	-5.5831983213
2000.875	-4.3711815348
2000.958	-3.1991647482
2001.042	-2.4086899281
2001.125	-1.6166731415
2001.208	-0.8246563549
2001.292	-0.0141815348
2001.375	0.3378352518
2001.458	-0.4301479616
2001.542	-2.2596731415
2001.625	-4.2876563549
2001.708	-5.8456395683
2001.792	-5.7051647482
2001.875	-4.5231479616
2001.958	-3.1711311751
2002.042	-2.0106563549
2002.125	-1.4686395683
2002.208	-0.6766227818
2002.292	0.0938520384
2002.375	0.7058688249
2002.458	0.3378856115
2002.542	-1.3016395683
2002.625	-3.5896227818
2002.708	-4.8176059952
2002.792	-5.1471311751
2002.875	-3.5751143885
2002.958	-2.1630976019
2003.042	-1.2026227818
2003.125	-0.5706059952
2003.208	0.1114107914
2003.292	1.2618856115
2003.375	2.0039023981
2003.458	1.5559191847
2003.542	-0.1536059952
2003.625	-2.6015892086
2003.708	-3.9395724221
2003.792	-4.0990976019
2003.875	-2.7070808153
2003.958	-1.5050640288
2004.042	-0.6245892086
2004.125	0.1174275779
2004.208	0.9994443645
2004.292	2.3399191847
2004.375	2.4819359712
2004.458	1.4239527578
2004.542	-0.9255724221
2004.625	-2.5135556355
2004.708	-4.4015388489
2004.792	-4.3210640288
2004.875	-2.7490472422
2004.958	-1.5270304556
2005.042	-0.7065556355
2005.125	0.4354611511
2005.208	1.3474779376
2005.292	2.7379527578
2005.375	2.7699695444
2005.458	2.4019863309
2005.542	0.8024611511
2005.625	-1.3255220624
2005.708	-3.4935052758
2005.792	-3.3230304556
2005.875	-2.1010136691
2005.958	-0.4689968825
2006.042	0.6714779376
2006.125	1.3534947242
2006.208	1.7055115108
2006.292	3.5159863309
2006.375	3.8080031175
2006.458	2.7000199041
2006.542	0.9804947242
2006.625	-1.1974884892
2006.708	-2.8854717026
2006.792	-2.7349968825
2006.875	-1.8429800959
2006.958	-0.3009633094
2007.042	0.6395115108
2007.125	1.5215282974
2007.208	2.0735450839
2007.292	3.8640199041
2007.375	3.7960366906
2007.458	3.2080534772
2007.542	1.4785282974
2007.625	-1.1594549161
2007.708	-2.3174381295
2007.792	-2.2869633094
2007.875	-1.0849465228
2007.958	0.2870702638
2008.042	1.7275450839
2008.125	1.8995618705
2008.208	1.9815786571
2008.292	3.0320534772
2008.375	4.2340702638
2008.458	3.3260870504
2008.542	1.7865618705
2008.625	-0.6014213429
2008.708	-1.6394045564
2008.792	-1.9589297362
2008.875	-0.8869129496
2008.958	0.3551038369
2009.042	1.6055786571
2009.125	2.0175954436
2009.208	3.2296122302
2009.292	3.8300870504
2009.375	4.2921038369
2009.458	3.5041206235
2009.542	1.9245954436
2009.625	-0.1233877698
2009.708	-1.6213709832
2009.792	-2.0608961631
2009.875	-0.5988793765
2009.958	0.6731374101
2010.042	1.8336122302
2010.125	3.1956290168
2010.208	4.0376458034
2010.292	5.1981206235
2010.375	5.6101374101
2010.458	4.6321541966
2010.542	2.5526290168
2010.625	0.5746458034
2010.708	-1.0533374101
2010.792	-0.7928625899
2010.875	0.5091541966
2010.958	1.5011709832
2011.042	2.9116458034
2011.125	3.3136625899
2011.208	3.9256793765
2011.292	4.4461541966
2011.375	5.2581709832
2011.458	4.6701877698
2011.542	3.3206625899
2011.625	0.8126793765
2011.708	-0.3653038369
2011.792	-0.5748290168
2011.875	0.5771877698
2011.958	2.0292045564
2012.042	3.1596793765
2012.125	3.7716961631
2012.208	4.1837129496
2012.292	5.8341877698
2012.375	6.2662045564
2012.458	5.1082213429
2012.542	3.6286961631
2012.625	1.5307129496
2012.708	0.1227297362
2012.792	-0.0667954436
2012.875	1.7352213429
2012.958	2.9672381295
2013.042	4.0477129496
2013.125	5.1697297362
2013.208	5.6717465228
2013.292	6.5222213429
2013.375	7.7642381295
2013.458	6.4662549161
2013.542	5.0467297362
2013.625	2.7987465228
2013.708	0.9207633094
2013.792	1.0412381295
2013.875	2.3732549161
2013.958	3.9252717026
2014.042	4.8057465228
2014.125	4.8377633094
2014.208	6.4697800959
2014.292	7.9502549161
2014.375	8.2222717026
2014.458	7.5642884892
2014.542	5.2847633094
2014.625	3.0867800959
2014.708	1.3087968825
2014.792	1.8292717026
2014.875	2.9512884892
2014.958	4.4533052758
2015.042	5.3937800959
2015.125	5.5657968825
2015.208	6.6978136691
2015.292	8.3082884892
2015.375	8.8603052758
2015.458	7.5723220623
2015.542	5.9527968825
2015.625	3.4448136691
2015.708	2.0168304556
2015.792	2.5473052758
2015.875	4.2893220623
2015.958	5.8513388489
2016.042	6.3918136691
2016.125	7.7838304556
2016.208	8.4458472422
2016.292	10.9063220624
2016.375	11.0583388489
2016.458	10.0403556355
2016.542	7.4908304556
2016.625	5.2228472422
2016.708	3.8748640288
2016.792	4.2853388489
2016.875	6.1173556355
2016.958	6.8793724221
2017.042	8.4598472422
2017.125	8.6218640288
2017.208	9.2538808153
2017.292	10.9443556355
2017.375	11.4663724221
2017.458	10.5283892086
2017.542	8.6288640288
2017.625	6.5008808153
2017.708	4.6828976019
2017.792	4.8133724221
2017.875	6.1853892086
2017.958	7.7374059952
2018.042	8.7678808153
2018.125	9.0098976019
