0.1	1.23807
0.11	1.21428
0.12	1.22334
0.13	1.19886
0.14	1.1741
0.15	1.18638
0.16	1.1608
0.17	1.13489
0.18	1.15015
0.19	1.12324
0.2	1.09596
0.21	1.06829
0.22	1.08537
0.23	1.0564
0.24	1.02697
0.25	0.997046
0.26	1.01501
0.27	0.983376
0.28	0.951134
0.29	0.918258
0.3	0.884719
0.31	0.90048
0.32	0.864449
0.33	0.827558
0.34	0.789759
0.35	0.751001
0.36	0.760616
0.37	0.718026
0.38	0.674125
0.39	0.628826
0.4	0.58203
0.41	0.577987
0.42	0.524815
0.43	0.469453
0.44	0.411714
0.45	0.351389
0.46	0.288242
0.47	0.245392
0.48	0.168976
0.49	0.0878996
0.5	0.00161751
0.51	-0.0905059
0.52	-0.189215
0.53	-0.338324
0.54	-0.47269
0.55	-0.620543
0.56	-0.784315
0.57	-0.967058
0.58	-1.17266
0.59	-1.73837
0.6	-2.1072
0.61	-2.55348
0.62	-3.10586
0.63	-3.80917
0.64	-4.73766
0.65	-11.0276
0.66	-18.0556
0.67	-42.0339
0.68	-211.289
0.69	-32.5896
0.7	-18.3603
0.71	-13.0891
0.72	-7.03728
0.73	-6.28808
0.74	-5.71591
0.75	-5.26334
0.76	-4.89533
0.77	-4.58932
0.78	-4.33008
0.79	-4.107
0.8	-3.54012
0.81	-3.41198
0.82	-3.29571
0.83	-3.18945
0.84	-3.09166
0.85	-3.00113
0.86	-2.91685
0.87	-2.83798
0.88	-2.65962
0.89	-2.60003
0.9	-2.54309
0.91	-2.48852
0.92	-2.43604
0.93	-2.38545
0.94	-2.33652
0.95	-2.28911
0.96	-2.22437
0.97	-2.18358
0.98	-2.14361
0.99	-2.10436
1	-2.06575
1.01	-2.02771
1.02	-1.99018
1.03	-1.9531
1.04	-1.93906
1.05	-1.90468
1.06	-1.87049
1.07	-1.83643
1.08	-1.80247
1.09	-1.76857
1.1	-1.73471
1.11	-1.70085
1.12	-1.66696
1.13	-1.68132
1.14	-1.64819
1.15	-1.61486
1.16	-1.58131
1.17	-1.54751
1.18	-1.51343
1.19	-1.47903
1.2	-1.4443
1.21	-1.40919
1.22	-1.43792
1.23	-1.40212
1.24	-1.36577
1.25	-1.32883
1.26	-1.29125
1.27	-1.25299
1.28	-1.21399
1.29	-1.17422
1.3	-1.13361
1.31	-1.09211
1.32	-1.12105
1.33	-1.07654
1.34	-1.03076
1.35	-0.983617
1.36	-0.934994
1.37	-0.884779
1.38	-0.832845
1.39	-0.779049
1.4	-0.723234
1.41	-0.665224
1.42	-0.664361
1.43	-0.596966
1.44	-0.52609
1.45	-0.451362
1.46	-0.372355
1.47	-0.288578
1.48	-0.19946
1.49	-0.104335
1.5	-0.00242403
1.51	0.107197
1.52	0.262015
1.53	0.414259
1.54	0.583095
1.55	0.771767
1.56	0.984426
1.57	1.22647
1.58	1.50506
1.59	1.82988
1.6	2.21438
1.61	2.6778
1.62	4.70127
1.63	6.09875
1.64	8.21391
1.65	11.8035
1.66	19.265
1.67	44.3468
1.68	253.657
1.69	35.6723
1.7	19.9622
1.71	14.1985
1.72	11.2
1.73	6.70033
1.74	6.10765
1.75	5.63702
1.76	5.25318
1.77	4.93325
1.78	4.66173
1.79	4.42774
1.8	4.22343
1.81	4.04299
1.82	3.88202
1.83	3.73714
1.84	3.60569
1.85	3.26697
1.86	3.17958
1.87	3.09775
1.88	3.02079
1.89	2.9481
1.9	2.87916
1.91	2.81355
1.92	2.75088
1.93	2.69083
1.94	2.63312
1.95	2.57751
1.96	2.52376
1.97	2.44901
1.98	2.40389
1.99	2.35975
2	2.31649
2.01	2.27401
2.02	2.23223
2.03	2.19106
2.04	2.15044
2.05	2.1103
2.06	2.07058
2.07	2.03121
2.08	1.99214
2.09	1.99491
2.1	1.95835
2.11	1.92182
2.12	1.88529
2.13	1.8487
2.14	1.81203
2.15	1.77524
2.16	1.73829
2.17	1.70114
2.18	1.66376
2.19	1.6261
2.2	1.58814
2.21	1.62238
2.22	1.58427
2.23	1.54563
2.24	1.50641
2.25	1.46656
2.26	1.42602
2.27	1.38476
2.28	1.34269
2.29	1.29977
2.3	1.25592
2.31	1.21108
2.32	1.16517
2.33	1.11809
2.34	1.15319
2.35	1.10211
2.36	1.04931
2.37	0.994652
2.38	0.937965
2.39	0.879069
2.4	0.817761
2.41	0.753813
2.42	0.686968
2.43	0.616938
2.44	0.543395
2.45	0.465964
2.46	0.384217
2.47	0.336648
2.48	0.233738
2.49	0.122914
2.5	0.00302313
2.51	-0.127325
2.52	-0.269818
2.53	-0.426529
2.54	-0.600032
2.55	-0.793564
2.56	-1.01125
2.57	-1.25843
2.58	-1.54216
2.59	-1.87193
2.6	-3.05948
2.61	-3.82246
2.62	-4.83581
2.63	-6.25122
2.64	-8.37398
2.65	-11.9232
2.66	-19.0929
2.67	-41.3103
2.68	-832.394
2.69	-41.1578
2.7	-22.0084
2.71	-15.4052
2.72	-12.0537
2.73	-10.0218
2.74	-6.42407
2.75	-5.93155
2.76	-5.52987
2.77	-5.19512
2.78	-4.91107
2.79	-4.66634
2.8	-4.45272
2.81	-4.26411
2.82	-4.09592
2.83	-3.9446
2.84	-3.80736
2.85	-3.68201
2.86	-3.56677
2.87	-3.4602
2.88	-3.19839
2.89	-3.1235
2.9	-3.05248
2.91	-2.9849
2.92	-2.92036
2.93	-2.85852
2.94	-2.7991
2.95	-2.74184
2.96	-2.68652
2.97	-2.63293
2.98	-2.58089
2.99	-2.53025
3	-2.48086
3.01	-2.4326
3.02	-2.38534
3.03	-2.35486
3.04	-2.31331
3.05	-2.27223
3.06	-2.23156
3.07	-2.19123
3.08	-2.1512
3.09	-2.1114
3.1	-2.07178
3.11	-2.03229
3.12	-1.99288
3.13	-1.95352
3.14	-1.91414
3.15	-1.87471
3.16	-1.83518
3.17	-1.79551
3.18	-1.82899
3.19	-1.79015
3.2	-1.75091
3.21	-1.71125
3.22	-1.67111
3.23	-1.63043
3.24	-1.58918
3.25	-1.54729
3.26	-1.50471
3.27	-1.46138
3.28	-1.41723
3.29	-1.3722
3.3	-1.3262
3.31	-1.27917
3.32	-1.23101
3.33	-1.27478
3.34	-1.22294
3.35	-1.16941
3.36	-1.11404
3.37	-1.05667
3.38	-0.997121
3.39	-0.935187
3.4	-0.87064
3.41	-0.803226
3.42	-0.732658
3.43	-0.65861
3.44	-0.58071
3.45	-0.498534
3.46	-0.411594
3.47	-0.319326
3.48	-0.221076
3.49	-0.133438
3.5	-0.00347985
3.51	0.138465
3.52	0.294431
3.53	0.466939
3.54	0.659156
3.55	0.875111
3.56	1.12001
3.57	1.40071
3.58	1.72642
3.59	2.10978
3.6	2.56872
3.61	3.12941
3.62	3.83171
3.63	4.73942
3.64	5.96153
3.65	17.8679
3.66	36.7721
3.67	687.541
3.68	45.9354
3.69	23.318
3.7	16.0723
3.71	12.4946
3.72	10.3574
3.73	8.93311
3.74	7.91354
3.75	7.14572
3.76	6.54515
3.77	6.06129
3.78	5.66212
3.79	5.32632
3.8	5.03915
3.81	4.25937
3.82	4.1068
3.83	3.96855
3.84	3.84236
3.85	3.72643
3.86	3.61927
3.87	3.51969
3.88	3.42667
3.89	3.33939
3.9	3.25713
3.91	3.1793
3.92	3.10538
3.93	3.03492
3.94	2.96755
3.95	2.90293
3.96	2.84077
3.97	2.78081
3.98	2.69844
3.99	2.64918
4	2.60105
4.01	2.55391
4.02	2.50766
4.03	2.4622
4.04	2.41745
4.05	2.37331
4.06	2.32971
4.07	2.28658
4.08	2.24385
4.09	2.20146
4.1	2.15934
4.11	2.11743
4.12	2.07569
4.13	2.03406
4.14	1.99248
4.15	2.02107
4.16	1.98137
4.17	1.94145
4.18	1.90126
4.19	1.86075
4.2	1.81987
4.21	1.77858
4.22	1.73681
4.23	1.69453
4.24	1.65167
4.25	1.60817
4.26	1.56397
4.27	1.51901
4.28	1.47322
4.29	1.42653
4.3	1.37885
4.31	1.3301
4.32	1.2802
4.33	1.32893
4.34	1.27528
4.35	1.21986
4.36	1.16252
4.37	1.10308
4.38	1.04134
4.39	0.977089
4.4	0.910084
4.41	0.840048
4.42	0.766671
4.43	0.6896
4.44	0.608433
4.45	0.52271
4.46	0.431899
4.47	0.335384
4.48	0.23245
4.49	0.122254
4.5	0.00384733
4.51	-0.146815
4.52	-0.312915
4.53	-0.497323
4.54	-0.703668
4.55	-0.936605
4.56	-1.20221
4.57	-1.50855
4.58	-1.86661
4.59	-2.29171
4.6	-2.80587
4.61	-3.44198
4.62	-4.25138
4.63	-5.31893
4.64	-6.79581
4.65	-8.9798
4.66	-12.5502
4.67	-19.4664
4.68	-38.6689
4.69	-18.8099
4.7	-14.0264
4.71	-11.3633
4.72	-9.66253
4.73	-8.4795
4.74	-7.60687
4.75	-6.93496
4.76	-6.4003
4.77	-5.96362
4.78	-5.5993
4.79	-5.28994
4.8	-5.02329
4.81	-4.79046
4.82	-4.58489
4.83	-4.40158
4.84	-4.23668
4.85	-4.08718
4.86	-3.95068
4.87	-3.58927
4.88	-3.4994
4.89	-3.41487
4.9	-3.33502
4.91	-3.2593
4.92	-3.18724
4.93	-3.11843
4.94	-3.05251
4.95	-2.98918
4.96	-2.92816
4.97	-2.86922
4.98	-2.81213
4.99	-2.7567
5	-2.70278
