-15	0
-14.94	1.11711e-48
-14.88	3.18983e-48
-14.82	7.96894e-48
-14.76	1.94512e-47
-14.7	4.71532e-47
-14.64	1.13832e-46
-14.58	2.73783e-46
-14.52	6.56098e-46
-14.46	1.5666e-45
-14.4	3.72712e-45
-14.34	8.83522e-45
-14.28	2.08684e-44
-14.22	4.91123e-44
-14.16	1.15165e-43
-14.1	2.69077e-43
-14.04	6.26417e-43
-13.98	1.45304e-42
-13.92	3.35833e-42
-13.86	7.73387e-42
-13.8	1.7746e-41
-13.74	4.05725e-41
-13.68	9.24259e-41
-13.62	2.0979e-40
-13.56	4.74468e-40
-13.5	1.0692e-39
-13.44	2.4007e-39
-13.38	5.37094e-39
-13.32	1.19727e-38
-13.26	2.65927e-38
-13.2	5.88526e-38
-13.14	1.29777e-37
-13.08	2.85142e-37
-13.02	6.24247e-37
-12.96	1.3617e-36
-12.9	2.95963e-36
-12.84	6.40951e-36
-12.78	1.38307e-35
-12.72	2.97367e-35
-12.66	6.37051e-35
-12.6	1.35984e-34
-12.54	2.89222e-34
-12.48	6.12925e-34
-12.42	1.29424e-33
-12.36	2.72305e-33
-12.3	5.70856e-33
-12.24	1.19242e-32
-12.18	2.4818e-32
-12.12	5.14677e-32
-12.06	1.06349e-31
-12	2.18961e-31
-11.94	4.49193e-31
-11.88	9.18186e-31
-11.82	1.87008e-30
-11.76	3.79511e-30
-11.7	7.67398e-30
-11.64	1.54614e-29
-11.58	3.10393e-29
-11.52	6.20878e-29
-11.46	1.23747e-28
-11.4	2.45751e-28
-11.34	4.86284e-28
-11.28	9.58777e-28
-11.22	1.88356e-27
-11.16	3.687e-27
-11.1	7.1912e-27
-11.04	1.39754e-26
-10.98	2.70619e-26
-10.92	5.22141e-26
-10.86	1.00381e-25
-10.8	1.92286e-25
-10.74	3.6701e-25
-10.68	6.97979e-25
-10.62	1.32264e-24
-10.56	2.49731e-24
-10.5	4.69829e-24
-10.44	8.80726e-24
-10.38	1.64504e-23
-10.32	3.06158e-23
-10.26	5.6774e-23
-10.2	1.04903e-22
-10.14	1.93135e-22
-10.08	3.54297e-22
-10.02	6.47604e-22
-9.96	1.17947e-21
-9.9	2.14041e-21
-9.84	3.87028e-21
-9.78	6.97305e-21
-9.72	1.25181e-20
-9.66	2.23918e-20
-9.6	3.99092e-20
-9.54	7.0875e-20
-9.48	1.25415e-19
-9.42	2.21125e-19
-9.36	3.88474e-19
-9.3	6.80021e-19
-9.24	1.18609e-18
-9.18	2.06133e-18
-9.12	3.56954e-18
-9.06	6.15904e-18
-9	1.05889e-17
-8.94	1.81393e-17
-8.88	3.09618e-17
-8.82	5.26585e-17
-8.76	8.92372e-17
-8.7	1.50681e-16
-8.64	2.53517e-16
-8.58	4.25001e-16
-8.52	7.0992e-16
-8.46	1.18158e-15
-8.4	1.95954e-15
-8.34	3.23802e-15
-8.28	5.3314e-15
-8.22	8.74659e-15
-8.16	1.42979e-14
-8.1	2.32884e-14
-8.04	3.77959e-14
-7.98	6.11201e-14
-7.92	9.84827e-14
-7.86	1.58114e-13
-7.8	2.52941e-13
-7.74	4.03183e-13
-7.68	6.40356e-13
-7.62	1.01339e-12
-7.56	1.59797e-12
-7.5	2.5107e-12
-7.44	3.93059e-12
-7.38	6.13136e-12
-7.32	9.52997e-12
-7.26	1.47592e-11
-7.2	2.27756e-11
-7.14	3.50197e-11
-7.08	5.36527e-11
-7.02	8.19043e-11
-6.96	1.24583e-10
-6.9	1.88819e-10
-6.84	2.85147e-10
-6.78	4.2907e-10
-6.72	6.43316e-10
-6.66	9.61073e-10
-6.6	1.43062e-09
-6.54	2.12192e-09
-6.48	3.13595e-09
-6.42	4.61792e-09
-6.36	6.77578e-09
-6.3	9.90623e-09
-6.24	1.44309e-08
-6.18	2.09467e-08
-6.12	3.02952e-08
-6.06	4.36585e-08
-6	6.26902e-08
-5.94	8.96946e-08
-5.88	1.2787e-07
-5.82	1.81639e-07
-5.76	2.5709e-07
-5.7	3.62575e-07
-5.64	5.09503e-07
-5.58	7.13398e-07
-5.52	9.95299e-07
-5.46	1.3836e-06
-5.4	1.91649e-06
-5.34	2.64507e-06
-5.28	3.6375e-06
-5.22	4.98433e-06
-5.16	6.80529e-06
-5.1	9.25813e-06
-5.04	1.25498e-05
-4.98	1.69506e-05
-4.92	2.28124e-05
-4.86	3.05909e-05
-4.8	4.08744e-05
-4.74	5.44185e-05
-4.68	7.21901e-05
-4.62	9.54214e-05
-4.56	0.000125675
-4.5	0.000164927
-4.44	0.000215659
-4.38	0.000280984
-4.32	0.000364781
-4.26	0.000471866
-4.2	0.000608194
-4.14	0.000781091
-4.08	0.000999535
-4.02	0.00127447
-3.96	0.0016192
-3.9	0.00204977
-3.84	0.00258552
-3.78	0.00324957
-3.72	0.00406951
-3.66	0.00507801
-3.6	0.00631366
-3.54	0.00782179
-3.48	0.00965533
-3.42	0.0118759
-3.36	0.0145546
-3.3	0.0177734
-3.24	0.021626
-3.18	0.0262193
-3.12	0.0316739
-3.06	0.0381257
-3	0.0457268
-2.94	0.0546463
-2.88	0.0650709
-2.82	0.0772058
-2.76	0.0912744
-2.7	0.107519
-2.64	0.126199
-2.58	0.147593
-2.52	0.171993
-2.46	0.199707
-2.4	0.231053
-2.34	0.266358
-2.28	0.305955
-2.22	0.350175
-2.16	0.399346
-2.1	0.453785
-2.04	0.513792
-1.98	0.579644
-1.92	0.651586
-1.86	0.729824
-1.8	0.81452
-1.74	0.905777
-1.68	1.00364
-1.62	1.10808
-1.56	1.21899
-1.5	1.33618
-1.44	1.45937
-1.38	1.5882
-1.32	1.72219
-1.26	1.86077
-1.2	2.00327
-1.14	2.14894
-1.08	2.29691
-1.02	2.44625
-0.96	2.59594
-0.9	2.74489
-0.84	2.89195
-0.78	3.03594
-0.72	3.17565
-0.66	3.30985
-0.6	3.43732
-0.54	3.55687
-0.48	3.66735
-0.42	3.76767
-0.36	3.85682
-0.3	3.93389
-0.24	3.99808
-0.18	4.04872
-0.12	4.08525
-0.06	4.1073
0	4.11462
0.06	4.10714
0.12	4.08493
0.18	4.04824
0.24	3.99745
0.3	3.93311
0.36	3.85589
0.42	3.76659
0.48	3.66612
0.54	3.5555
0.6	3.43581
0.66	3.30821
0.72	3.17388
0.78	3.03405
0.84	2.88993
0.9	2.74274
0.96	2.59367
1.02	2.44386
1.08	2.29444
1.14	2.1464
1.2	2.00069
1.26	1.85816
1.32	1.71958
1.38	1.5856
1.44	1.45681
1.5	1.33366
1.56	1.21653
1.62	1.1057
1.68	1.00134
1.74	0.903577
1.8	0.812423
1.86	0.727837
1.92	0.649712
1.98	0.577886
2.04	0.512151
2.1	0.452261
2.16	0.397938
2.22	0.34888
2.28	0.304769
2.34	0.265278
2.4	0.230073
2.46	0.198822
2.52	0.171198
2.58	0.146882
2.64	0.125566
2.7	0.106957
2.76	0.0907787
2.82	0.07677
2.88	0.0646896
2.94	0.054314
3	0.0454385
3.06	0.0378766
3.12	0.0314595
3.18	0.0260356
3.24	0.0214694
3.3	0.0176402
3.36	0.0144419
3.42	0.0117809
3.48	0.00957568
3.54	0.00775521
3.6	0.00625825
3.66	0.00503207
3.72	0.00403157
3.78	0.00321838
3.84	0.00255997
3.9	0.00202893
3.96	0.00160227
4.02	0.00126077
4.08	0.00098849
4.14	0.000772223
4.2	0.000601102
4.26	0.000466218
4.32	0.000360299
4.38	0.000277442
4.44	0.000212871
4.5	0.00016274
4.56	0.000123968
4.62	9.40927e-05
4.68	7.11604e-05
4.74	5.36235e-05
4.8	4.02631e-05
4.86	3.01226e-05
4.92	2.2455e-05
4.98	1.6679e-05
5.04	1.23441e-05
5.1	9.10297e-06
5.16	6.6887e-06
5.22	4.89706e-06
5.28	3.57243e-06
5.34	2.59672e-06
5.4	1.88071e-06
5.46	1.35723e-06
5.52	9.75933e-07
5.58	6.9923e-07
5.64	4.99178e-07
5.7	3.55079e-07
5.76	2.51668e-07
5.82	1.77732e-07
5.88	1.25066e-07
5.94	8.76892e-08
6	6.12615e-08
6.06	4.26446e-08
6.12	2.95784e-08
6.18	2.04418e-08
6.24	1.40766e-08
6.3	9.65853e-09
6.36	6.60327e-09
6.42	4.49822e-09
6.48	3.05322e-09
6.54	2.06494e-09
6.6	1.39153e-09
6.66	9.34356e-10
6.72	6.25123e-10
6.78	4.16729e-10
6.84	2.76806e-10
6.9	1.83203e-10
6.96	1.20815e-10
7.02	7.93865e-11
7.08	5.19763e-11
7.14	3.39077e-11
7.2	2.20407e-11
7.26	1.42753e-11
7.32	9.21258e-12
7.38	5.92394e-12
7.44	3.79554e-12
7.5	2.4231e-12
7.56	1.54135e-12
7.62	9.76939e-13
7.68	6.16974e-13
7.74	3.8824e-13
7.8	2.43426e-13
7.86	1.52078e-13
7.92	9.46679e-14
7.98	5.8718e-14
8.04	3.62889e-14
8.1	2.23465e-14
8.16	1.37113e-14
8.22	8.38269e-15
8.28	5.10647e-15
8.34	3.0995e-15
8.4	1.87455e-15
8.46	1.12963e-15
8.52	6.78277e-16
8.58	4.05801e-16
8.64	2.41909e-16
8.7	1.43689e-16
8.76	8.50414e-17
8.82	5.01499e-17
8.88	2.94675e-17
8.94	1.72524e-17
9	1.00644e-17
9.06	5.85007e-18
9.12	3.38819e-18
9.18	1.95527e-18
9.24	1.12429e-18
9.3	6.44146e-19
9.36	3.67725e-19
9.42	2.09168e-19
9.48	1.18549e-19
9.54	6.69479e-20
9.6	3.7671e-20
9.66	2.11208e-20
9.72	1.17991e-20
9.78	6.56775e-21
9.84	3.64266e-21
9.9	2.01304e-21
9.96	1.10846e-21
10.02	6.08163e-22
10.08	3.3247e-22
10.14	1.811e-22
10.2	9.82912e-23
10.26	5.3155e-23
10.32	2.86422e-23
10.38	1.5378e-23
10.44	8.22673e-24
10.5	4.38517e-24
10.56	2.32904e-24
10.62	1.23254e-24
10.68	6.49913e-25
10.74	3.41462e-25
10.8	1.78756e-25
10.86	9.32419e-26
10.92	4.84611e-26
10.98	2.50962e-26
11.04	1.29495e-26
11.1	6.6578e-27
11.16	3.41067e-27
11.22	1.74092e-27
11.28	8.85424e-28
11.34	4.48698e-28
11.4	2.26563e-28
11.46	1.13986e-28
11.52	5.71412e-29
11.58	2.85415e-29
11.64	1.42048e-29
11.7	7.04407e-30
11.76	3.48052e-30
11.82	1.71354e-30
11.88	8.40572e-31
11.94	4.10853e-31
12	2.00092e-31
12.06	9.70959e-32
12.12	4.69466e-32
12.18	2.26171e-32
12.24	1.08567e-32
12.3	5.19269e-33
12.36	2.47466e-33
12.42	1.17508e-33
12.48	5.55968e-34
12.54	2.62097e-34
12.6	1.23113e-34
12.66	5.76202e-35
12.72	2.68704e-35
12.78	1.24854e-35
12.84	5.78047e-36
12.9	2.66655e-36
12.96	1.22565e-36
13.02	5.61322e-37
13.08	2.56145e-37
13.14	1.16463e-37
13.2	5.27619e-38
13.26	2.38166e-38
13.32	1.07119e-38
13.38	4.80047e-39
13.44	2.14352e-39
13.5	9.53674e-40
13.56	4.22766e-40
13.62	1.86736e-40
13.68	8.2183e-41
13.74	3.60383e-41
13.8	1.57461e-41
13.86	6.85506e-42
13.92	2.97355e-42
13.98	1.28519e-42
14.04	5.53456e-43
14.1	2.3748e-43
14.16	1.01531e-43
14.22	4.32509e-44
14.28	1.83577e-44
14.34	7.76369e-45
14.4	3.27148e-45
14.46	1.37355e-45
14.52	5.74608e-46
14.58	2.39509e-46
14.64	9.947e-47
14.7	4.11572e-47
14.76	1.69585e-47
14.82	6.93976e-48
14.88	2.77468e-48
14.94	9.70604e-49
15	0

-15	-0
-14.94	-2.36016e-47
-14.88	-6.71976e-47
-14.82	-1.67253e-46
-14.76	-4.06619e-46
-14.7	-9.81706e-46
-14.64	-2.36021e-45
-14.58	-5.65325e-45
-14.52	-1.34915e-44
-14.46	-3.20803e-44
-14.4	-7.60045e-44
-14.34	-1.79416e-43
-14.28	-4.2199e-43
-14.22	-9.88927e-43
-14.16	-2.30913e-42
-14.1	-5.3722e-42
-14.04	-1.24531e-41
-13.98	-2.87623e-41
-13.92	-6.61898e-41
-13.86	-1.51768e-40
-13.8	-3.46729e-40
-13.74	-7.89261e-40
-13.68	-1.79008e-39
-13.62	-4.04527e-39
-13.56	-9.10841e-39
-13.5	-2.04343e-38
-13.44	-4.56771e-38
-13.38	-1.01732e-37
-13.32	-2.25756e-37
-13.26	-4.99164e-37
-13.2	-1.09968e-36
-13.14	-2.41388e-36
-13.08	-5.27938e-36
-13.02	-1.15047e-35
-12.96	-2.49796e-35
-12.9	-5.40405e-35
-12.84	-1.16486e-34
-12.78	-2.5018e-34
-12.72	-5.35367e-34
-12.66	-1.14149e-33
-12.6	-2.42502e-33
-12.54	-5.1331e-33
-12.48	-1.0826e-32
-12.42	-2.27497e-32
-12.36	-4.76327e-32
-12.3	-9.93704e-32
-12.24	-2.06553e-31
-12.18	-4.27786e-31
-12.12	-8.82763e-31
-12.06	-1.81503e-30
-12	-3.7183e-30
-11.94	-7.58974e-30
-11.88	-1.54359e-29
-11.82	-3.12793e-29
-11.76	-6.31546e-29
-11.7	-1.2705e-28
-11.64	-2.54662e-28
-11.58	-5.08601e-28
-11.52	-1.01207e-27
-11.46	-2.00662e-27
-11.4	-3.96408e-27
-11.34	-7.80261e-27
-11.28	-1.53024e-26
-11.22	-2.99019e-26
-11.16	-5.82184e-26
-11.1	-1.12939e-25
-11.04	-2.18296e-25
-10.98	-4.20407e-25
-10.92	-8.06705e-25
-10.86	-1.54234e-24
-10.8	-2.9381e-24
-10.74	-5.57666e-24
-10.68	-1.05463e-23
-10.62	-1.98723e-23
-10.56	-3.73093e-23
-10.5	-6.9792e-23
-10.44	-1.30081e-22
-10.38	-2.41569e-22
-10.32	-4.46982e-22
-10.26	-8.24058e-22
-10.2	-1.51372e-21
-10.14	-2.77046e-21
-10.08	-5.05218e-21
-10.02	-9.17961e-21
-9.96	-1.66184e-20
-9.9	-2.99759e-20
-9.84	-5.38735e-20
-9.78	-9.64708e-20
-9.72	-1.72122e-19
-9.66	-3.0598e-19
-9.6	-5.41963e-19
-9.54	-9.56452e-19
-9.48	-1.6818e-18
-9.42	-2.94649e-18
-9.36	-5.14342e-18
-9.3	-8.94573e-18
-9.24	-1.55023e-17
-9.18	-2.67667e-17
-9.12	-4.6048e-17
-9.06	-7.893e-17
-9	-1.348e-16
-8.94	-2.29379e-16
-8.88	-3.88895e-16
-8.82	-6.56943e-16
-8.76	-1.1057e-15
-8.7	-1.85423e-15
-8.64	-3.09816e-15
-8.58	-5.15774e-15
-8.52	-8.55517e-15
-8.46	-1.41388e-14
-8.4	-2.32814e-14
-8.34	-3.81961e-14
-8.28	-6.24372e-14
-8.22	-1.0169e-13
-8.16	-1.65017e-13
-8.1	-2.66803e-13
-8.04	-4.29798e-13
-7.98	-6.89842e-13
-7.92	-1.10318e-12
-7.86	-1.75773e-12
-7.8	-2.79043e-12
-7.74	-4.41366e-12
-7.68	-6.95564e-12
-7.62	-1.09216e-11
-7.56	-1.7086e-11
-7.5	-2.66321e-11
-7.44	-4.13598e-11
-7.38	-6.3997e-11
-7.32	-9.86615e-11
-7.26	-1.51545e-10
-7.2	-2.31923e-10
-7.14	-3.53632e-10
-7.08	-5.37236e-10
-7.02	-8.13172e-10
-6.96	-1.22632e-09
-6.9	-1.8426e-09
-6.84	-2.75842e-09
-6.78	-4.11426e-09
-6.72	-6.11401e-09
-6.66	-9.05237e-09
-6.6	-1.33536e-08
-6.54	-1.96262e-08
-6.48	-2.87391e-08
-6.42	-4.19285e-08
-6.36	-6.09457e-08
-6.3	-8.82622e-08
-6.24	-1.27351e-07
-6.18	-1.83075e-07
-6.12	-2.6221e-07
-6.06	-3.74165e-07
-6	-5.31951e-07
-5.94	-7.53483e-07
-5.88	-1.06333e-06
-5.82	-1.49504e-06
-5.76	-2.09424e-06
-5.7	-2.92274e-06
-5.64	-4.0639e-06
-5.58	-5.62966e-06
-5.52	-7.76976e-06
-5.46	-1.06836e-05
-5.4	-1.46357e-05
-5.34	-1.99752e-05
-5.28	-2.71613e-05
-5.22	-3.6795e-05
-5.16	-4.96601e-05
-5.1	-6.67735e-05
-5.04	-8.94492e-05
-4.98	-0.000119378
-4.92	-0.000158725
-4.86	-0.000210251
-4.8	-0.00027746
-4.74	-0.000364781
-4.68	-0.000477782
-4.62	-0.000623438
-4.56	-0.000810439
-4.5	-0.00104956
-4.44	-0.00135411
-4.38	-0.00174044
-4.32	-0.00222853
-4.26	-0.0028427
-4.2	-0.00361238
-4.14	-0.00457303
-4.08	-0.00576712
-4.02	-0.00724532
-3.96	-0.00906766
-3.9	-0.011305
-3.84	-0.0140404
-3.78	-0.0173707
-3.72	-0.0214083
-3.66	-0.0262828
-3.6	-0.0321426
-3.54	-0.0391567
-3.48	-0.0475163
-3.42	-0.0574363
-3.36	-0.0691565
-3.3	-0.0829427
-3.24	-0.0990868
-3.18	-0.117907
-3.12	-0.139749
-3.06	-0.16498
-3	-0.193992
-2.94	-0.227195
-2.88	-0.265014
-2.82	-0.307885
-2.76	-0.356243
-2.7	-0.410522
-2.64	-0.471138
-2.58	-0.538483
-2.52	-0.612911
-2.46	-0.694725
-2.4	-0.784163
-2.34	-0.881384
-2.28	-0.986449
-2.22	-1.09931
-2.16	-1.21979
-2.1	-1.34756
-2.04	-1.48216
-1.98	-1.62294
-1.92	-1.76908
-1.86	-1.91958
-1.8	-2.07323
-1.74	-2.22865
-1.68	-2.38428
-1.62	-2.53836
-1.56	-2.689
-1.5	-2.83414
-1.44	-2.97161
-1.38	-3.09916
-1.32	-3.21449
-1.26	-3.31526
-1.2	-3.39917
-1.14	-3.46399
-1.08	-3.50762
-1.02	-3.52811
-0.96	-3.52372
-0.9	-3.49299
-0.84	-3.43475
-0.78	-3.34815
-0.72	-3.23276
-0.66	-3.08852
-0.6	-2.9158
-0.54	-2.71539
-0.48	-2.48854
-0.42	-2.23691
-0.36	-1.96257
-0.3	-1.66798
-0.24	-1.35593
-0.18	-1.02954
-0.12	-0.692165
-0.06	-0.347361
0	0.00118463
0.06	0.349718
0.12	0.694484
0.18	1.0318
0.24	1.3581
0.3	1.67003
0.36	1.9645
0.42	2.23869
0.48	2.49015
0.54	2.71681
0.6	2.91702
0.66	3.08953
0.72	3.23355
0.78	3.34871
0.84	3.43508
0.9	3.49309
0.96	3.52358
1.02	3.52773
1.08	3.50702
1.14	3.46316
1.2	3.39811
1.26	3.31398
1.32	3.213
1.38	3.09747
1.44	2.96972
1.5	2.83206
1.56	2.68673
1.62	2.53592
1.68	2.38166
1.74	2.22585
1.8	2.07033
1.86	1.9166
1.92	1.76606
1.98	1.61991
2.04	1.47915
2.1	1.34459
2.16	1.21689
2.22	1.09651
2.28	0.983757
2.34	0.878817
2.4	0.781733
2.46	0.69244
2.52	0.610776
2.58	0.5365
2.64	0.469308
2.7	0.408843
2.76	0.354711
2.82	0.306495
2.88	0.26376
2.94	0.226069
3	0.192987
3.06	0.164087
3.12	0.13896
3.18	0.117214
3.24	0.0984798
3.3	0.0824142
3.36	0.0686986
3.42	0.0570413
3.48	0.0471773
3.54	0.038867
3.6	0.0318963
3.66	0.0260743
3.72	0.0212326
3.78	0.0172232
3.84	0.0139172
3.9	0.0112026
3.96	0.00898289
4.02	0.00717545
4.08	0.00570978
4.14	0.00452617
4.2	0.00357426
4.26	0.00281181
4.32	0.00220362
4.38	0.00172043
4.44	0.0013381
4.5	0.00103681
4.56	0.00080032
4.62	0.000615445
4.68	0.000471494
4.74	0.000359854
4.8	0.000273616
4.86	0.000207263
4.92	0.000156413
4.98	0.000117596
5.04	8.80814e-05
5.1	6.57278e-05
5.16	4.88639e-05
5.22	3.61912e-05
5.28	2.67051e-05
5.34	1.9632e-05
5.4	1.43786e-05
5.46	1.04917e-05
5.52	7.6271e-06
5.58	5.52402e-06
5.64	3.98599e-06
5.7	2.86551e-06
5.76	2.05236e-06
5.82	1.46451e-06
5.88	1.04117e-06
5.94	7.3746e-07
6	5.2041e-07
6.06	3.65885e-07
6.12	2.56291e-07
6.18	1.78861e-07
6.24	1.24363e-07
6.3	8.61516e-08
6.36	5.94605e-08
6.42	4.08874e-08
6.48	2.80122e-08
6.54	1.91206e-08
6.6	1.30033e-08
6.66	8.81058e-09
6.72	5.94777e-09
6.78	4.0004e-09
6.84	2.68073e-09
6.9	1.7898e-09
6.96	1.19057e-09
7.02	7.89058e-10
7.08	5.21033e-10
7.14	3.42787e-10
7.2	2.24692e-10
7.26	1.46742e-10
7.32	9.54827e-11
7.38	6.19014e-11
7.44	3.99836e-11
7.5	2.57317e-11
7.56	1.64992e-11
7.62	1.05405e-11
7.68	6.70919e-12
7.74	4.25485e-12
7.8	2.68848e-12
7.86	1.69253e-12
7.92	1.06164e-12
7.98	6.63475e-13
8.04	4.13126e-13
8.1	2.56301e-13
8.16	1.58426e-13
8.22	9.75695e-14
8.28	5.98704e-14
8.34	3.66034e-14
8.4	2.22967e-14
8.46	1.35323e-14
8.52	8.18307e-15
8.58	4.93028e-15
8.64	2.95964e-15
8.7	1.77019e-15
8.76	1.0549e-15
8.82	6.26353e-16
8.88	3.70543e-16
8.94	2.1841e-16
9	1.28268e-16
9.06	7.50552e-17
9.12	4.37578e-17
9.18	2.54183e-17
9.24	1.47113e-17
9.3	8.48339e-18
9.36	4.87421e-18
9.42	2.79032e-18
9.48	1.59155e-18
9.54	9.04482e-19
9.6	5.12149e-19
9.66	2.88941e-19
9.72	1.62419e-19
9.78	9.09667e-20
9.84	5.07626e-20
9.9	2.82242e-20
9.96	1.56357e-20
10.02	8.63036e-21
10.08	4.74632e-21
10.14	2.60078e-21
10.2	1.41993e-21
10.26	7.72409e-22
10.32	4.18645e-22
10.38	2.2608e-22
10.44	1.21645e-22
10.5	6.52149e-23
10.56	3.4835e-23
10.62	1.85398e-23
10.68	9.83128e-24
10.74	5.19439e-24
10.8	2.73449e-24
10.86	1.43429e-24
10.92	7.4958e-25
10.98	3.90316e-25
11.04	2.02504e-25
11.1	1.04681e-25
11.16	5.39168e-26
11.22	2.76693e-26
11.28	1.41478e-26
11.34	7.20779e-27
11.4	3.65875e-27
11.46	1.85048e-27
11.52	9.32508e-28
11.58	4.68211e-28
11.64	2.34234e-28
11.7	1.16755e-28
11.76	5.79861e-29
11.82	2.86939e-29
11.88	1.41474e-29
11.94	6.94994e-30
12	3.40178e-30
12.06	1.65902e-30
12.12	8.06148e-31
12.18	3.903e-31
12.24	1.88279e-31
12.3	9.0495e-32
12.36	4.33378e-32
12.42	2.0679e-32
12.48	9.83131e-33
12.54	4.65707e-33
12.6	2.19803e-33
12.66	1.03365e-33
12.72	4.84324e-34
12.78	2.26108e-34
12.84	1.05176e-34
12.9	4.87457e-35
12.96	2.251e-35
13.02	1.0357e-35
13.08	4.74803e-36
13.14	2.16876e-36
13.2	9.87027e-37
13.26	4.47575e-37
13.32	2.02219e-37
13.38	9.1033e-38
13.44	4.08314e-38
13.5	1.82477e-38
13.56	8.12537e-39
13.62	3.60493e-39
13.68	1.59356e-39
13.74	7.01878e-40
13.8	3.08015e-40
13.86	1.3468e-40
13.92	5.86748e-41
13.98	2.54695e-41
14.04	1.10156e-41
14.1	4.74693e-42
14.16	2.03815e-42
14.22	8.71927e-43
14.28	3.71657e-43
14.34	1.57842e-43
14.4	6.67916e-44
14.46	2.81604e-44
14.52	1.18297e-44
14.58	4.95138e-45
14.64	2.06486e-45
14.7	8.57884e-46
14.76	3.54928e-46
14.82	1.45825e-46
14.88	5.85212e-47
14.94	2.05305e-47
15	0

-15	0
-14.94	3.51752e-46
-14.88	9.98596e-46
-14.82	2.47624e-45
-14.76	5.99605e-45
-14.7	1.44172e-44
-14.64	3.4519e-44
-14.58	8.23387e-44
-14.52	1.95684e-43
-14.46	4.6336e-43
-14.4	1.09319e-42
-14.34	2.56971e-42
-14.28	6.01847e-42
-14.22	1.40443e-41
-14.16	3.26535e-41
-14.1	7.56435e-41
-14.04	1.74593e-40
-13.98	4.01508e-40
-13.92	9.19974e-40
-13.86	2.10024e-39
-13.8	4.77724e-39
-13.74	1.08267e-38
-13.68	2.44473e-38
-13.62	5.50018e-38
-13.56	1.23293e-37
-13.5	2.75365e-37
-13.44	6.12766e-37
-13.38	1.3586e-36
-13.32	3.00126e-36
-13.26	6.60583e-36
-13.2	1.44865e-35
-13.14	3.16529e-35
-13.08	6.89089e-35
-13.02	1.49469e-34
-12.96	3.23026e-34
-12.9	6.95563e-34
-12.84	1.49227e-33
-12.78	3.18986e-33
-12.72	6.79373e-33
-12.66	1.44164e-32
-12.6	3.04801e-32
-12.54	6.42079e-32
-12.48	1.34764e-31
-12.42	2.81818e-31
-12.36	5.87186e-31
-12.3	1.21897e-30
-12.24	2.5213e-30
-12.18	5.19596e-30
-12.12	1.06689e-29
-12.06	2.18264e-29
-12	4.44893e-29
-11.94	9.03526e-29
-11.88	1.82825e-28
-11.82	3.68589e-28
-11.76	7.40386e-28
-11.7	1.48178e-27
-11.64	2.95475e-27
-11.58	5.87039e-27
-11.52	1.16204e-26
-11.46	2.29186e-26
-11.4	4.50362e-26
-11.34	8.8175e-26
-11.28	1.72004e-25
-11.22	3.34302e-25
-11.16	6.47363e-25
-11.1	1.24901e-24
-11.04	2.401e-24
-10.98	4.5986e-24
-10.92	8.77539e-24
-10.86	1.66846e-23
-10.8	3.16061e-23
-10.74	5.96531e-23
-10.68	1.12177e-22
-10.62	2.10173e-22
-10.56	3.92337e-22
-10.5	7.29704e-22
-10.44	1.3522e-21
-10.38	2.49654e-21
-10.32	4.59242e-21
-10.26	8.41685e-21
-10.2	1.53696e-20
-10.14	2.79627e-20
-10.08	5.06873e-20
-10.02	9.15425e-20
-9.96	1.64721e-19
-9.9	2.95311e-19
-9.84	5.27486e-19
-9.78	9.3874e-19
-9.72	1.66449e-18
-9.66	2.94048e-18
-9.6	5.17554e-18
-9.54	9.076e-18
-9.48	1.58574e-17
-9.42	2.7604e-17
-9.36	4.78751e-17
-9.3	8.27267e-17
-9.24	1.42423e-16
-9.18	2.44295e-16
-9.12	4.17488e-16
-9.06	7.1084e-16
-9	1.20586e-15
-8.94	2.03806e-15
-8.88	3.43188e-15
-8.82	5.75761e-15
-8.76	9.62382e-15
-8.7	1.60268e-14
-8.64	2.65913e-14
-8.58	4.39567e-14
-8.52	7.2394e-14
-8.46	1.18788e-13
-8.4	1.94192e-13
-8.34	3.16288e-13
-8.28	5.13244e-13
-8.22	8.29762e-13
-8.16	1.33651e-12
-8.1	2.14475e-12
-8.04	3.42902e-12
-7.98	5.46198e-12
-7.92	8.66791e-12
-7.86	1.37045e-11
-7.8	2.15873e-11
-7.74	3.38778e-11
-7.68	5.29681e-11
-7.62	8.25079e-11
-7.56	1.28043e-10
-7.5	1.9797e-10
-7.44	3.04943e-10
-7.38	4.6797e-10
-7.32	7.15473e-10
-7.26	1.08979e-09
-7.2	1.65376e-09
-7.14	2.50018e-09
-7.08	3.7657e-09
-7.02	5.65055e-09
-6.96	8.44709e-09
-6.9	1.25804e-08
-6.84	1.86658e-08
-6.78	2.75911e-08
-6.72	4.06308e-08
-6.66	5.96084e-08
-6.6	8.7121e-08
-6.54	1.26853e-07
-6.48	1.84008e-07
-6.42	2.6591e-07
-6.36	3.82815e-07
-6.3	5.49034e-07
-6.24	7.84448e-07
-6.18	1.11656e-06
-6.12	1.58326e-06
-6.06	2.2365e-06
-6	3.14728e-06
-5.94	4.41212e-06
-5.88	6.16173e-06
-5.82	8.57236e-06
-5.76	1.18806e-05
-5.7	1.64026e-05
-5.64	2.25592e-05
-5.58	3.09078e-05
-5.52	4.21835e-05
-5.46	5.73518e-05
-5.4	7.76741e-05
-5.34	0.000104792
-5.28	0.000140833
-5.22	0.000188537
-5.16	0.000251422
-5.1	0.000333982
-5.04	0.000441928
-4.98	0.000582486
-4.92	0.000764755
-4.86	0.00100013
-4.8	0.00130284
-4.74	0.00169049
-4.68	0.00218486
-4.62	0.00281266
-4.56	0.00360653
-4.5	0.00460615
-4.44	0.00585944
-4.38	0.00742402
-4.32	0.00936877
-4.26	0.0117755
-4.2	0.0147411
-4.14	0.0183789
-4.08	0.0228217
-4.02	0.0282232
-3.96	0.0347608
-3.9	0.0426373
-3.84	0.0520834
-3.78	0.0633593
-3.72	0.0767564
-3.66	0.0925983
-3.6	0.111242
-3.54	0.133075
-3.48	0.158519
-3.42	0.188022
-3.36	0.222059
-3.3	0.261125
-3.24	0.305728
-3.18	0.356381
-3.12	0.41359
-3.06	0.477845
-3	0.549602
-2.94	0.629266
-2.88	0.717176
-2.82	0.813582
-2.76	0.918622
-2.7	1.0323
-2.64	1.15448
-2.58	1.28482
-2.52	1.42281
-2.46	1.56768
-2.4	1.71847
-2.34	1.87394
-2.28	2.03259
-2.22	2.19267
-2.16	2.35215
-2.1	2.50878
-2.04	2.66007
-1.98	2.8033
-1.92	2.93563
-1.86	3.05406
-1.8	3.15555
-1.74	3.23704
-1.68	3.29556
-1.62	3.32825
-1.56	3.3325
-1.5	3.30599
-1.44	3.24678
-1.38	3.15341
-1.32	3.02494
-1.26	2.86104
-1.2	2.66205
-1.14	2.429
-1.08	2.16365
-1.02	1.86849
-0.96	1.54676
-0.9	1.20237
-0.84	0.839885
-0.78	0.464457
-0.72	0.0817171
-0.66	-0.30232
-0.6	-0.681378
-0.54	-1.04905
-0.48	-1.39896
-0.42	-1.72487
-0.36	-2.02086
-0.3	-2.28146
-0.24	-2.50179
-0.18	-2.67767
-0.12	-2.80574
-0.06	-2.88352
0	-2.90952
0.06	-2.88322
0.12	-2.80515
0.18	-2.6768
0.24	-2.50065
0.3	-2.28007
0.36	-2.01924
0.42	-1.72305
0.48	-1.39698
0.54	-1.04695
0.6	-0.679177
0.66	-0.300062
0.72	0.0839951
0.78	0.466719
0.84	0.842095
0.9	1.20449
0.96	1.54877
1.02	1.87035
1.08	2.16533
1.14	2.43049
1.2	2.66332
1.26	2.86208
1.32	3.02573
1.38	3.15394
1.44	3.24706
1.5	3.306
1.56	3.33225
1.62	3.32774
1.68	3.29478
1.74	3.23601
1.8	3.15427
1.86	3.05255
1.92	2.93389
1.98	2.80135
2.04	2.6579
2.1	2.50641
2.16	2.34958
2.22	2.18989
2.28	2.02962
2.34	1.87088
2.4	1.71534
2.46	1.56452
2.52	1.41965
2.58	1.28171
2.64	1.15145
2.7	1.02938
2.76	0.915824
2.82	0.810928
2.88	0.714679
2.94	0.626934
3	0.54744
3.06	0.475855
3.12	0.41177
3.18	0.354726
3.24	0.304234
3.3	0.259785
3.36	0.220864
3.42	0.186962
3.48	0.157584
3.54	0.132255
3.6	0.110526
3.66	0.0919777
3.72	0.0762208
3.78	0.0628995
3.84	0.0516906
3.9	0.0423035
3.96	0.0344785
4.02	0.0279857
4.08	0.0226228
4.14	0.0182131
4.2	0.0146035
4.26	0.011662
4.32	0.00927548
4.38	0.00734771
4.44	0.00579731
4.5	0.00455579
4.56	0.00356591
4.62	0.00278003
4.68	0.00215876
4.74	0.00166972
4.8	0.00128637
4.86	0.000987142
4.92	0.000754548
4.98	0.000574501
5.04	0.000435708
5.1	0.000329157
5.16	0.000247696
5.22	0.000185671
5.28	0.000138639
5.34	0.000103119
5.4	7.64037e-05
5.46	5.63911e-05
5.52	4.14601e-05
5.58	3.03653e-05
5.64	2.21541e-05
5.7	1.61013e-05
5.76	1.16574e-05
5.82	8.40773e-06
5.88	6.04079e-06
5.94	4.32363e-06
6	3.0828e-06
6.06	2.18971e-06
6.12	1.54943e-06
6.18	1.09221e-06
6.24	7.6699e-07
6.3	5.36567e-07
6.36	3.73948e-07
6.42	2.59628e-07
6.48	1.79576e-07
6.54	1.23738e-07
6.6	8.49404e-08
6.66	5.8088e-08
6.72	3.95749e-08
6.78	2.68607e-08
6.84	1.81626e-08
6.9	1.2235e-08
6.96	8.21098e-09
7.02	5.48978e-09
7.08	3.65665e-09
7.14	2.42651e-09
7.2	1.60417e-09
7.26	1.05656e-09
7.32	6.93278e-10
7.38	4.53207e-10
7.44	2.95162e-10
7.5	1.91514e-10
7.56	1.23799e-10
7.62	7.97282e-11
7.68	5.11547e-11
7.74	3.26993e-11
7.8	2.08244e-11
7.86	1.32126e-11
7.92	8.35188e-12
7.98	5.25974e-12
8.04	3.3001e-12
8.1	2.06289e-12
8.16	1.28472e-12
8.22	7.97126e-13
8.28	4.92756e-13
8.34	3.03476e-13
8.4	1.86211e-13
8.46	1.13834e-13
8.52	6.93315e-14
8.58	4.20705e-14
8.64	2.5434e-14
8.7	1.53195e-14
8.76	9.19312e-15
8.82	5.49636e-15
8.88	3.274e-15
8.94	1.94302e-15
9	1.14886e-15
9.06	6.76787e-16
9.12	3.9722e-16
9.18	2.32277e-16
9.24	1.35324e-16
9.3	7.85492e-17
9.36	4.54259e-17
9.42	2.61736e-17
9.48	1.50252e-17
9.54	8.59357e-18
9.6	4.89695e-18
9.66	2.7802e-18
9.72	1.57263e-18
9.78	8.86289e-19
9.84	4.9765e-19
9.9	2.78402e-19
9.96	1.55175e-19
10.02	8.6173e-20
10.08	4.76784e-20
10.14	2.6283e-20
10.2	1.44354e-20
10.26	7.89922e-21
10.32	4.30668e-21
10.38	2.33939e-21
10.44	1.2661e-21
10.5	6.82707e-22
10.56	3.66779e-22
10.62	1.96327e-22
10.68	1.04703e-22
10.74	5.5634e-23
10.8	2.94528e-23
10.86	1.55353e-23
10.92	8.16425e-24
10.98	4.27483e-24
11.04	2.23011e-24
11.1	1.15915e-24
11.16	6.00288e-25
11.22	3.09732e-25
11.28	1.59227e-25
11.34	8.15561e-26
11.4	4.162e-26
11.46	2.11619e-26
11.52	1.07205e-26
11.58	5.41104e-27
11.64	2.72117e-27
11.7	1.36344e-27
11.76	6.80656e-28
11.82	3.38552e-28
11.88	1.67777e-28
11.94	8.28411e-29
12	4.07538e-29
12.06	1.99756e-29
12.12	9.75529e-30
12.18	4.74667e-30
12.24	2.30116e-30
12.3	1.11151e-30
12.36	5.34922e-31
12.42	2.56493e-31
12.48	1.22538e-31
12.54	5.83278e-32
12.6	2.76624e-32
12.66	1.30711e-32
12.72	6.15385e-33
12.78	2.88663e-33
12.84	1.3491e-33
12.9	6.28215e-34
12.96	2.91462e-34
13.02	1.34731e-34
13.08	6.20528e-35
13.14	2.84751e-35
13.2	1.30191e-35
13.26	5.93072e-36
13.32	2.6918e-36
13.38	1.21728e-36
13.44	5.48464e-37
13.5	2.46216e-37
13.56	1.10127e-37
13.62	4.90778e-38
13.68	2.17914e-38
13.74	9.64044e-39
13.8	4.24931e-39
13.86	1.86617e-39
13.92	8.16574e-40
13.98	3.56e-40
14.04	1.54638e-40
14.1	6.69256e-41
14.16	2.88589e-41
14.22	1.23988e-41
14.28	5.30747e-42
14.34	2.26364e-42
14.4	9.6192e-43
14.46	4.07268e-43
14.52	1.71804e-43
14.58	7.22096e-44
14.64	3.02385e-44
14.7	1.26151e-44
14.76	5.24062e-45
14.82	2.1618e-45
14.88	8.70791e-46
14.94	3.0638e-46
15	0

-15	-0
-14.94	-4.27061e-45
-14.88	-1.20888e-44
-14.82	-2.9865e-44
-14.76	-7.20257e-44
-14.7	-1.72471e-43
-14.64	-4.11238e-43
-14.58	-9.76853e-43
-14.52	-2.31187e-42
-14.46	-5.45131e-42
-14.4	-1.28069e-41
-14.34	-2.99773e-41
-14.28	-6.99111e-41
-14.22	-1.62445e-40
-14.16	-3.76071e-40
-14.1	-8.67441e-40
-14.04	-1.99349e-39
-13.98	-4.56452e-39
-13.92	-1.04131e-38
-13.86	-2.36685e-38
-13.8	-5.36e-38
-13.74	-1.20938e-37
-13.68	-2.71875e-37
-13.62	-6.08944e-37
-13.56	-1.35891e-36
-13.5	-3.0214e-36
-13.44	-6.69313e-36
-13.38	-1.47725e-35
-13.32	-3.24851e-35
-13.26	-7.11733e-35
-13.2	-1.55365e-34
-13.14	-3.37905e-34
-13.08	-7.32214e-34
-13.02	-1.58083e-33
-12.96	-3.40044e-33
-12.9	-7.28766e-33
-12.84	-1.55612e-32
-12.78	-3.31056e-32
-12.72	-7.01717e-32
-12.66	-1.48192e-31
-12.6	-3.11809e-31
-12.54	-6.53665e-31
-12.48	-1.36528e-30
-12.42	-2.84114e-30
-12.36	-5.89064e-30
-12.3	-1.21684e-29
-12.24	-2.50441e-29
-12.18	-5.13544e-29
-12.12	-1.04918e-28
-12.06	-2.13562e-28
-12	-4.33107e-28
-11.94	-8.7512e-28
-11.88	-1.76173e-27
-11.82	-3.53353e-27
-11.76	-7.06118e-27
-11.7	-1.40587e-26
-11.64	-2.78875e-26
-11.58	-5.51153e-26
-11.52	-1.08526e-25
-11.46	-2.12907e-25
-11.4	-4.16145e-25
-11.34	-8.10393e-25
-11.28	-1.57233e-24
-11.22	-3.03939e-24
-11.16	-5.85362e-24
-11.1	-1.1232e-23
-11.04	-2.14727e-23
-10.98	-4.08987e-23
-10.92	-7.76117e-23
-10.86	-1.46736e-22
-10.8	-2.76402e-22
-10.74	-5.18726e-22
-10.68	-9.69901e-22
-10.62	-1.80679e-21
-10.56	-3.35337e-21
-10.5	-6.20076e-21
-10.44	-1.14235e-20
-10.38	-2.09674e-20
-10.32	-3.83423e-20
-10.26	-6.98558e-20
-10.2	-1.26799e-19
-10.14	-2.29306e-19
-10.08	-4.13146e-19
-10.02	-7.41616e-19
-9.96	-1.3263e-18
-9.9	-2.36314e-18
-9.84	-4.19491e-18
-9.78	-7.41893e-18
-9.72	-1.30721e-17
-9.66	-2.29473e-17
-9.6	-4.01329e-17
-9.54	-6.99283e-17
-9.48	-1.21391e-16
-9.42	-2.09943e-16
-9.36	-3.61741e-16
-9.3	-6.20974e-16
-9.24	-1.06201e-15
-9.18	-1.80951e-15
-9.12	-3.07165e-15
-9.06	-5.19468e-15
-9	-8.75231e-15
-8.94	-1.46913e-14
-8.88	-2.45683e-14
-8.82	-4.09319e-14
-8.76	-6.79395e-14
-8.7	-1.12345e-13
-8.64	-1.85079e-13
-8.58	-3.0376e-13
-8.52	-4.96675e-13
-8.46	-8.09065e-13
-8.4	-1.31299e-12
-8.34	-2.12278e-12
-8.28	-3.41913e-12
-8.22	-5.48643e-12
-8.16	-8.77055e-12
-8.1	-1.39677e-11
-8.04	-2.21608e-11
-7.98	-3.50272e-11
-7.92	-5.5155e-11
-7.86	-8.65208e-11
-7.8	-1.35211e-10
-7.74	-2.10504e-10
-7.68	-3.26483e-10
-7.62	-5.04445e-10
-7.56	-7.76457e-10
-7.5	-1.19061e-09
-7.44	-1.81875e-09
-7.38	-2.76771e-09
-7.32	-4.19578e-09
-7.26	-6.33649e-09
-7.2	-9.53294e-09
-7.14	-1.42871e-08
-7.08	-2.13305e-08
-7.02	-3.17245e-08
-6.96	-4.70028e-08
-6.9	-6.93721e-08
-6.84	-1.01995e-07
-6.78	-1.49382e-07
-6.72	-2.17946e-07
-6.66	-3.16754e-07
-6.6	-4.58584e-07
-6.54	-6.61357e-07
-6.48	-9.50107e-07
-6.42	-1.35964e-06
-6.36	-1.93816e-06
-6.3	-2.75212e-06
-6.24	-3.89272e-06
-6.18	-5.48459e-06
-6.12	-7.69732e-06
-6.06	-1.07606e-05
-6	-1.4984e-05
-5.94	-2.07833e-05
-5.88	-2.87139e-05
-5.82	-3.95147e-05
-5.76	-5.41639e-05
-5.7	-7.39507e-05
-5.64	-0.000100566
-5.58	-0.000136218
-5.52	-0.000183776
-5.46	-0.00024695
-5.4	-0.000330515
-5.34	-0.000440585
-5.28	-0.000584954
-5.22	-0.000773504
-5.16	-0.0010187
-5.1	-0.00133619
-5.04	-0.00174552
-4.98	-0.00227095
-4.92	-0.00294247
-4.86	-0.00379693
-4.8	-0.00487937
-4.74	-0.00624449
-4.68	-0.00795843
-4.62	-0.0101006
-4.56	-0.0127658
-4.5	-0.0160666
-4.44	-0.0201356
-4.38	-0.0251283
-4.32	-0.0312255
-4.26	-0.0386362
-4.2	-0.0476001
-4.14	-0.0583902
-4.08	-0.0713146
-4.02	-0.0867186
-3.96	-0.104985
-3.9	-0.126536
-3.84	-0.15183
-3.78	-0.181359
-3.72	-0.215649
-3.66	-0.255249
-3.6	-0.300726
-3.54	-0.352654
-3.48	-0.411602
-3.42	-0.478119
-3.36	-0.552714
-3.3	-0.635836
-3.24	-0.727852
-3.18	-0.82902
-3.12	-0.939462
-3.06	-1.05913
-3	-1.1878
-2.94	-1.32499
-2.88	-1.46999
-2.82	-1.62182
-2.76	-1.77918
-2.7	-1.94047
-2.64	-2.10375
-2.58	-2.26677
-2.52	-2.42696
-2.46	-2.58144
-2.4	-2.72709
-2.34	-2.86054
-2.28	-2.97829
-2.22	-3.07671
-2.16	-3.15219
-2.1	-3.20118
-2.04	-3.22035
-1.98	-3.20664
-1.92	-3.15742
-1.86	-3.07058
-1.8	-2.94466
-1.74	-2.77895
-1.68	-2.57357
-1.62	-2.32955
-1.56	-2.04893
-1.5	-1.7347
-1.44	-1.39088
-1.38	-1.02248
-1.32	-0.635379
-1.26	-0.236311
-1.2	0.167317
-1.14	0.567567
-1.08	0.956158
-1.02	1.32467
-0.96	1.6648
-0.9	1.96853
-0.84	2.22846
-0.78	2.43798
-0.72	2.5915
-0.66	2.68466
-0.6	2.7145
-0.54	2.67958
-0.48	2.58009
-0.42	2.41785
-0.36	2.19634
-0.3	1.92062
-0.24	1.59724
-0.18	1.23403
-0.12	0.839927
-0.06	0.424754
0	-0.00109242
0.06	-0.426912
0.12	-0.842003
0.18	-1.23597
0.24	-1.599
0.3	-1.92216
0.36	-2.19761
0.42	-2.41882
0.48	-2.58074
0.54	-2.6799
0.6	-2.71448
0.66	-2.68429
0.72	-2.5908
0.78	-2.43696
0.84	-2.22715
0.9	-1.96695
0.96	-1.66299
1.02	-1.32268
1.08	-0.954013
1.14	-0.565321
1.2	-0.165014
1.26	0.238624
1.32	0.637657
1.38	1.02468
1.44	1.39297
1.5	1.73663
1.56	2.05067
1.62	2.33108
1.68	2.57485
1.74	2.77997
1.8	2.94541
1.86	3.07104
1.92	3.15759
1.98	3.20652
2.04	3.21994
2.1	3.20048
2.16	3.15121
2.22	3.07546
2.28	2.97677
2.34	2.85878
2.4	2.72508
2.46	2.57919
2.52	2.42448
2.58	2.26407
2.64	2.10084
2.7	1.93734
2.76	1.77596
2.82	1.61852
2.88	1.46668
2.94	1.3217
3	1.18457
3.06	1.05601
3.12	0.936468
3.18	0.826178
3.24	0.725178
3.3	0.633341
3.36	0.550406
3.42	0.475999
3.48	0.40967
3.54	0.350905
3.6	0.299153
3.66	0.253845
3.72	0.214403
3.78	0.18026
3.84	0.150867
3.9	0.125697
3.96	0.104258
4.02	0.0860923
4.08	0.0707781
4.14	0.0579331
4.2	0.0472128
4.26	0.0383097
4.32	0.0309517
4.38	0.0248999
4.44	0.019946
4.5	0.01591
4.56	0.0126372
4.62	0.00999539
4.68	0.00787282
4.74	0.00617516
4.8	0.00482348
4.86	0.0037521
4.92	0.00290667
4.98	0.0022425
5.04	0.00172301
5.1	0.00131847
5.16	0.00100481
5.22	0.000762661
5.28	0.000576531
5.34	0.00043407
5.4	0.000325498
5.46	0.000243104
5.52	0.000180841
5.58	0.000133988
5.64	9.88784e-05
5.7	7.26792e-05
5.76	5.32101e-05
5.82	3.88023e-05
5.88	2.8184e-05
5.94	2.03909e-05
6	1.46946e-05
6.06	1.0548e-05
6.12	7.54191e-06
6.18	5.37142e-06
6.24	3.81065e-06
6.3	2.69285e-06
6.36	1.89554e-06
6.42	1.32911e-06
6.48	9.28332e-07
6.54	6.4589e-07
6.6	4.47642e-07
6.66	3.09045e-07
6.72	2.12536e-07
6.78	1.45602e-07
6.84	9.93639e-08
6.9	6.75485e-08
6.96	4.57438e-08
7.02	3.08589e-08
7.08	2.07377e-08
7.14	1.38828e-08
7.2	9.25824e-09
7.26	6.15062e-09
7.32	4.07051e-09
7.38	2.68362e-09
7.44	1.76252e-09
7.5	1.15317e-09
7.56	7.51622e-10
7.62	4.88037e-10
7.68	3.15685e-10
7.74	2.03426e-10
7.8	1.3059e-10
7.86	8.35153e-11
7.92	5.3208e-11
7.98	3.37709e-11
8.04	2.13534e-11
8.1	1.34508e-11
8.16	8.44086e-12
8.22	5.27699e-12
8.28	3.2866e-12
8.34	2.03925e-12
8.4	1.26054e-12
8.46	7.76262e-13
8.52	4.76239e-13
8.58	2.91077e-13
8.64	1.77238e-13
8.7	1.07517e-13
8.76	6.49774e-14
8.82	3.91219e-14
8.88	2.34665e-14
8.94	1.40232e-14
9	8.34871e-15
9.06	4.95182e-15
9.12	2.92607e-15
9.18	1.72258e-15
9.24	1.0103e-15
9.3	5.90331e-16
9.36	3.43652e-16
9.42	1.99306e-16
9.48	1.1516e-16
9.54	6.62916e-17
9.6	3.80187e-17
9.66	2.17228e-17
9.72	1.23657e-17
9.78	7.01292e-18
9.84	3.96244e-18
9.9	2.23054e-18
9.96	1.25095e-18
10.02	6.98965e-19
10.08	3.89094e-19
10.14	2.15794e-19
10.2	1.19237e-19
10.26	6.56395e-20
10.32	3.60005e-20
10.38	1.96715e-20
10.44	1.07092e-20
10.5	5.80847e-21
10.56	3.13875e-21
10.62	1.68982e-21
10.68	9.06386e-22
10.74	4.84369e-22
10.8	2.57887e-22
10.86	1.36796e-22
10.92	7.2295e-23
10.98	3.80658e-23
11.04	1.99689e-23
11.1	1.04367e-23
11.16	5.43461e-24
11.22	2.81946e-24
11.28	1.45732e-24
11.34	7.50481e-25
11.4	3.85051e-25
11.46	1.9683e-25
11.52	1.00244e-25
11.58	5.08651e-26
11.64	2.57145e-26
11.7	1.29518e-26
11.76	6.49951e-27
11.82	3.24957e-27
11.88	1.61871e-27
11.94	8.03355e-28
12	3.97232e-28
12.06	1.95694e-28
12.12	9.60525e-29
12.18	4.69718e-29
12.24	2.28857e-29
12.3	1.11094e-29
12.36	5.37296e-30
12.42	2.58903e-30
12.48	1.24296e-30
12.54	5.94537e-31
12.6	2.83335e-31
12.66	1.3453e-31
12.72	6.36413e-32
12.78	2.99957e-32
12.84	1.40857e-32
12.9	6.59021e-33
12.96	3.07199e-33
13.02	1.42673e-33
13.08	6.60182e-34
13.14	3.0436e-34
13.2	1.39801e-34
13.26	6.3979e-35
13.32	2.91719e-35
13.38	1.32524e-35
13.44	5.99824e-36
13.5	2.70493e-36
13.56	1.21532e-36
13.62	5.44035e-37
13.68	2.42642e-37
13.74	1.07822e-37
13.8	4.77364e-38
13.86	2.1057e-38
13.92	9.25431e-39
13.98	4.05224e-39
14.04	1.76786e-39
14.1	7.68432e-40
14.16	3.32786e-40
14.22	1.43591e-40
14.28	6.17296e-41
14.34	2.644e-41
14.4	1.12832e-41
14.46	4.79743e-42
14.52	2.0323e-42
14.58	8.57762e-43
14.64	3.60697e-43
14.7	1.51104e-43
14.76	6.30308e-44
14.82	2.61055e-44
14.88	1.05549e-44
14.94	3.72445e-45
15	0

-15	0
-14.94	4.4798e-44
-14.88	1.26441e-43
-14.82	3.11201e-43
-14.76	7.47501e-43
-14.7	1.78257e-42
-14.64	4.23267e-42
-14.58	1.00122e-41
-14.52	2.3596e-41
-14.46	5.54042e-41
-14.4	1.29612e-40
-14.34	3.02095e-40
-14.28	7.0152e-40
-14.22	1.62306e-39
-14.16	3.74132e-39
-14.1	8.59239e-39
-14.04	1.96607e-38
-13.98	4.48211e-38
-13.92	1.01803e-37
-13.86	2.30376e-37
-13.8	5.19409e-37
-13.74	1.16675e-36
-13.68	2.61121e-36
-13.62	5.82241e-36
-13.56	1.29348e-35
-13.5	2.86293e-35
-13.44	6.31331e-35
-13.38	1.38707e-34
-13.32	3.03624e-34
-13.26	6.62166e-34
-13.2	1.43877e-33
-13.14	3.11467e-33
-13.08	6.71778e-33
-13.02	1.44355e-32
-12.96	3.09054e-32
-12.9	6.59216e-32
-12.84	1.40092e-31
-12.78	2.96615e-31
-12.72	6.25699e-31
-12.66	1.31501e-30
-12.6	2.7535e-30
-12.54	5.74422e-30
-12.48	1.1939e-29
-12.42	2.47228e-29
-12.36	5.10055e-29
-12.3	1.0484e-28
-12.24	2.14697e-28
-12.18	4.38041e-28
-12.12	8.90415e-28
-12.06	1.80326e-27
-12	3.63843e-27
-11.94	7.31403e-27
-11.88	1.46483e-26
-11.82	2.92284e-26
-11.76	5.81045e-26
-11.7	1.1508e-25
-11.64	2.27079e-25
-11.58	4.46416e-25
-11.52	8.74354e-25
-11.46	1.70616e-24
-11.4	3.31693e-24
-11.34	6.42445e-24
-11.28	1.23971e-23
-11.22	2.38334e-23
-11.16	4.56492e-23
-11.1	8.71091e-23
-11.04	1.65606e-22
-10.98	3.13665e-22
-10.92	5.91887e-22
-10.86	1.11273e-21
-10.8	2.08411e-21
-10.74	3.88893e-21
-10.68	7.22964e-21
-10.62	1.339e-20
-10.56	2.47071e-20
-10.5	4.5419e-20
-10.44	8.31821e-20
-10.38	1.51774e-19
-10.32	2.75891e-19
-10.26	4.99632e-19
-10.2	9.01441e-19
-10.14	1.6203e-18
-10.08	2.90152e-18
-10.02	5.17636e-18
-9.96	9.20013e-18
-9.9	1.62904e-17
-9.84	2.87368e-17
-9.78	5.05025e-17
-9.72	8.84204e-17
-9.66	1.54226e-16
-9.6	2.67996e-16
-9.54	4.63941e-16
-9.48	8.00128e-16
-9.42	1.37473e-15
-9.36	2.35309e-15
-9.3	4.01253e-15
-9.24	6.81644e-15
-9.18	1.1536e-14
-9.12	1.94495e-14
-9.06	3.26677e-14
-9	5.46618e-14
-8.94	9.11176e-14
-8.88	1.51312e-13
-8.82	2.5032e-13
-8.76	4.12543e-13
-8.7	6.77316e-13
-8.64	1.1078e-12
-8.58	1.805e-12
-8.52	2.92981e-12
-8.46	4.73745e-12
-8.4	7.6312e-12
-8.34	1.22457e-11
-8.28	1.95754e-11
-8.22	3.1173e-11
-8.16	4.94518e-11
-8.1	7.81486e-11
-8.04	1.23025e-10
-7.98	1.92929e-10
-7.92	3.01393e-10
-7.86	4.69026e-10
-7.8	7.27088e-10
-7.74	1.1228e-09
-7.68	1.72719e-09
-7.62	2.64667e-09
-7.56	4.03998e-09
-7.5	6.14294e-09
-7.44	9.30439e-09
-7.38	1.40383e-08
-7.32	2.10984e-08
-7.26	3.1586e-08
-7.2	4.71027e-08
-7.14	6.99682e-08
-7.08	1.03528e-07
-7.02	1.52586e-07
-6.96	2.2401e-07
-6.9	3.27578e-07
-6.84	4.77148e-07
-6.78	6.92277e-07
-6.72	1.00044e-06
-6.66	1.44008e-06
-6.6	2.06472e-06
-6.54	2.94858e-06
-6.48	4.19408e-06
-6.42	5.94197e-06
-6.36	8.38475e-06
-6.3	1.17845e-05
-6.24	1.64966e-05
-6.18	2.30001e-05
-6.12	3.19387e-05
-6.06	4.41724e-05
-6	6.08453e-05
-5.94	8.34722e-05
-5.88	0.000114049
-5.82	0.000155191
-5.76	0.000210314
-5.7	0.000283849
-5.64	0.000381523
-5.58	0.000510695
-5.52	0.000680776
-5.46	0.00090374
-5.4	0.00119474
-5.34	0.00157284
-5.28	0.00206193
-5.22	0.00269174
-5.16	0.00349908
-5.1	0.00452928
-5.04	0.00583784
-4.98	0.00749225
-4.92	0.0095742
-4.86	0.0121818
-4.8	0.0154324
-4.74	0.019465
-4.68	0.0244437
-4.62	0.0305603
-4.56	0.0380377
-4.5	0.0471331
-4.44	0.0581406
-4.38	0.071394
-4.32	0.0872683
-4.26	0.106182
-4.2	0.128595
-4.14	0.155011
-4.08	0.185972
-4.02	0.222054
-3.96	0.263862
-3.9	0.312016
-3.84	0.367144
-3.78	0.429863
-3.72	0.500761
-3.66	0.580373
-3.6	0.66916
-3.54	0.767474
-3.48	0.875529
-3.42	0.993369
-3.36	1.12083
-3.3	1.2575
-3.24	1.4027
-3.18	1.55544
-3.12	1.71437
-3.06	1.87779
-3	2.04364
-2.94	2.20945
-2.88	2.3724
-2.82	2.52928
-2.76	2.67661
-2.7	2.81058
-2.64	2.92725
-2.58	3.0225
-2.52	3.09227
-2.46	3.13254
-2.4	3.1396
-2.34	3.11007
-2.28	3.04114
-2.22	2.93065
-2.16	2.77727
-2.1	2.58064
-2.04	2.34146
-1.98	2.0616
-1.92	1.74414
-1.86	1.39341
-1.8	1.01498
-1.74	0.615598
-1.68	0.203053
-1.62	-0.213951
-1.56	-0.626004
-1.5	-1.02324
-1.44	-1.39563
-1.38	-1.73325
-1.32	-2.02665
-1.26	-2.2672
-1.2	-2.44736
-1.14	-2.56106
-1.08	-2.60391
-1.02	-2.57351
-0.96	-2.46954
-0.9	-2.29394
-0.84	-2.05088
-0.78	-1.74676
-0.72	-1.39001
-0.66	-0.990951
-0.6	-0.561437
-0.54	-0.114523
-0.48	0.335953
-0.42	0.775837
-0.36	1.19113
-0.3	1.56847
-0.24	1.89563
-0.18	2.16193
-0.12	2.35861
-0.06	2.47921
0	2.51972
0.06	2.47882
0.12	2.35785
0.18	2.16081
0.24	1.8942
0.3	1.56677
0.36	1.18921
0.42	0.773763
0.48	0.333791
0.54	-0.116706
0.6	-0.563572
0.66	-0.992973
0.72	-1.39186
0.78	-1.74837
0.84	-2.05222
0.9	-2.29495
0.96	-2.4702
1.02	-2.5738
1.08	-2.60383
1.14	-2.5606
1.2	-2.44654
1.26	-2.26604
1.32	-2.02518
1.38	-1.7315
1.44	-1.39365
1.5	-1.02109
1.56	-0.623729
1.62	-0.211604
1.68	0.205417
1.74	0.617929
1.8	1.01723
1.86	1.39552
1.92	1.74608
1.98	2.06333
2.04	2.34295
2.1	2.58186
2.16	2.7782
2.22	2.93128
2.28	3.04146
2.34	3.11008
2.4	3.13929
2.46	3.13192
2.52	3.09133
2.58	3.02127
2.64	2.92573
2.7	2.80879
2.76	2.67455
2.82	2.52697
2.88	2.36984
2.94	2.20665
3	2.0406
3.06	1.87452
3.12	1.711
3.18	1.552
3.24	1.39926
3.3	1.2541
3.36	1.11751
3.42	0.990166
3.48	0.872475
3.54	0.764592
3.6	0.666467
3.66	0.577878
3.72	0.498468
3.78	0.427774
3.84	0.365254
3.9	0.310319
3.96	0.262349
4.02	0.220716
4.08	0.184795
4.14	0.153982
4.2	0.127702
4.26	0.105411
4.32	0.0866068
4.38	0.0708298
4.44	0.0576623
4.5	0.0467298
4.56	0.0376995
4.62	0.0302782
4.68	0.0242097
4.74	0.019272
4.8	0.0152739
4.86	0.0120524
4.92	0.00946904
4.98	0.00740724
5.04	0.00576946
5.1	0.00447455
5.16	0.00345548
5.22	0.00265718
5.28	0.00203467
5.34	0.00155144
5.4	0.00117801
5.46	0.000890729
5.52	0.000670703
5.58	0.000502932
5.64	0.000375568
5.7	0.000279302
5.76	0.000206857
5.82	0.000152575
5.88	0.000112078
5.94	8.1994e-05
6	5.97415e-05
6.06	4.33517e-05
6.12	3.13312e-05
6.18	2.25524e-05
6.24	1.61681e-05
6.3	1.15445e-05
6.36	8.21015e-06
6.42	5.8155e-06
6.48	4.10286e-06
6.54	2.88306e-06
6.6	2.01787e-06
6.66	1.40672e-06
6.72	9.76781e-07
6.78	6.75567e-07
6.84	4.65397e-07
6.9	3.19349e-07
6.96	2.18271e-07
7.02	1.486e-07
7.08	1.00771e-07
7.14	6.80694e-08
7.2	4.58001e-08
7.26	3.06961e-08
7.32	2.0493e-08
7.38	1.36281e-08
7.44	9.02758e-09
7.5	5.9569e-09
7.56	3.91546e-09
7.62	2.56366e-09
7.68	1.67207e-09
7.74	1.08635e-09
7.8	7.0308e-10
7.86	4.53276e-10
7.92	2.91103e-10
7.98	1.86233e-10
8.04	1.18685e-10
8.1	7.53466e-11
8.16	4.76501e-11
8.22	3.0019e-11
8.28	1.88393e-11
8.34	1.17779e-11
8.4	7.33518e-12
8.46	4.55085e-12
8.52	2.81264e-12
8.58	1.73172e-12
8.64	1.06215e-12
8.7	6.48986e-13
8.76	3.95032e-13
8.82	2.39539e-13
8.88	1.447e-13
8.94	8.70786e-14
9	5.2204e-14
9.06	3.1178e-14
9.12	1.85501e-14
9.18	1.0995e-14
9.24	6.49236e-15
9.3	3.81913e-15
9.36	2.23812e-15
9.42	1.30666e-15
9.48	7.59972e-16
9.54	4.40346e-16
9.6	2.54185e-16
9.66	1.46174e-16
9.72	8.37435e-17
9.78	4.77965e-17
9.84	2.71772e-17
9.9	1.5395e-17
9.96	8.68802e-18
10.02	4.88459e-18
10.08	2.73592e-18
10.14	1.52667e-18
10.2	8.48709e-19
10.26	4.70047e-19
10.32	2.59355e-19
10.38	1.42567e-19
10.44	7.80754e-20
10.5	4.25974e-20
10.56	2.31539e-20
10.62	1.25384e-20
10.68	6.76442e-21
10.74	3.63577e-21
10.8	1.94687e-21
10.86	1.03862e-21
10.92	5.52013e-22
10.98	2.92295e-22
11.04	1.54195e-22
11.1	8.10401e-23
11.16	4.24334e-23
11.22	2.21358e-23
11.28	1.15044e-23
11.34	5.95677e-24
11.4	3.07284e-24
11.46	1.57925e-24
11.52	8.08619e-25
11.58	4.12496e-25
11.64	2.09642e-25
11.7	1.0615e-25
11.76	5.35483e-26
11.82	2.69126e-26
11.88	1.34757e-26
11.94	6.72249e-27
12	3.34115e-27
12.06	1.65442e-27
12.12	8.16176e-28
12.18	4.01151e-28
12.24	1.96435e-28
12.3	9.58335e-29
12.36	4.65804e-29
12.42	2.25568e-29
12.48	1.08828e-29
12.54	5.23108e-30
12.6	2.50513e-30
12.66	1.19525e-30
12.72	5.68171e-31
12.78	2.69084e-31
12.84	1.26966e-31
12.9	5.96865e-32
12.96	2.79548e-32
13.02	1.30445e-32
13.08	6.06442e-33
13.14	2.80894e-33
13.2	1.29625e-33
13.26	5.95972e-34
13.32	2.72995e-34
13.38	1.24588e-34
13.44	5.66489e-35
13.5	2.56625e-35
13.56	1.15824e-35
13.62	5.20827e-36
13.68	2.33335e-36
13.74	1.0415e-36
13.8	4.63165e-37
13.86	2.05213e-37
13.92	9.05873e-38
13.98	3.98405e-38
14.04	1.74573e-38
14.1	7.62118e-39
14.16	3.31485e-39
14.22	1.43648e-39
14.28	6.20198e-40
14.34	2.66782e-40
14.4	1.14335e-40
14.46	4.88198e-41
14.52	2.07686e-41
14.58	8.80268e-42
14.64	3.71714e-42
14.7	1.56369e-42
14.76	6.54972e-43
14.82	2.72369e-43
14.88	1.10537e-43
14.94	3.91182e-44
15	0

-15	-0
-14.94	-4.19342e-43
-14.88	-1.18014e-42
-14.82	-2.89369e-42
-14.76	-6.92247e-42
-14.7	-1.64397e-41
-14.64	-3.88726e-41
-14.58	-9.15661e-41
-14.52	-2.14885e-40
-14.46	-5.02421e-40
-14.4	-1.17036e-39
-14.34	-2.71618e-39
-14.28	-6.28043e-39
-14.22	-1.4468e-38
-14.16	-3.32061e-38
-14.1	-7.59303e-38
-14.04	-1.72982e-37
-13.98	-3.92624e-37
-13.92	-8.87852e-37
-13.86	-2.00029e-36
-13.8	-4.48985e-36
-13.74	-1.00406e-35
-13.68	-2.23704e-35
-13.62	-4.96563e-35
-13.56	-1.09815e-34
-13.5	-2.41956e-34
-13.44	-5.31127e-34
-13.38	-1.16157e-33
-13.32	-2.53091e-33
-13.26	-5.49408e-33
-13.2	-1.18822e-32
-13.14	-2.56026e-32
-13.08	-5.49612e-32
-13.02	-1.17547e-31
-12.96	-2.50467e-31
-12.9	-5.31707e-31
-12.84	-1.12455e-30
-12.78	-2.36955e-30
-12.72	-4.97433e-30
-12.66	-1.04037e-29
-12.6	-2.1678e-29
-12.54	-4.50021e-29
-12.48	-9.30736e-29
-12.42	-1.91779e-28
-12.36	-3.9369e-28
-12.3	-8.05169e-28
-12.24	-1.64058e-27
-12.18	-3.33034e-27
-12.12	-6.73528e-27
-12.06	-1.35707e-26
-12	-2.7241e-26
-11.94	-5.44779e-26
-11.88	-1.08541e-25
-11.82	-2.15448e-25
-11.76	-4.26055e-25
-11.7	-8.3939e-25
-11.64	-1.64754e-24
-11.58	-3.22165e-24
-11.52	-6.27618e-24
-11.46	-1.2181e-23
-11.4	-2.35529e-23
-11.34	-4.53705e-23
-11.28	-8.7071e-23
-11.22	-1.66473e-22
-11.16	-3.17089e-22
-11.1	-6.0171e-22
-11.04	-1.13752e-21
-10.98	-2.1424e-21
-10.92	-4.01981e-21
-10.86	-7.51409e-21
-10.8	-1.3993e-20
-10.74	-2.59603e-20
-10.68	-4.79812e-20
-10.62	-8.83476e-20
-10.56	-1.62061e-19
-10.5	-2.96159e-19
-10.44	-5.39174e-19
-10.38	-9.77895e-19
-10.32	-1.76691e-18
-10.26	-3.18047e-18
-10.2	-5.70328e-18
-10.14	-1.01886e-17
-10.08	-1.81325e-17
-10.02	-3.21479e-17
-9.96	-5.67808e-17
-9.9	-9.9908e-17
-9.84	-1.75126e-16
-9.78	-3.05807e-16
-9.72	-5.31978e-16
-9.66	-9.21906e-16
-9.6	-1.59157e-15
-9.54	-2.73721e-15
-9.48	-4.68959e-15
-9.42	-8.00392e-15
-9.36	-1.36086e-14
-9.3	-2.30494e-14
-9.24	-3.88909e-14
-9.18	-6.53689e-14
-9.12	-1.09454e-13
-9.06	-1.82568e-13
-9	-3.03355e-13
-8.94	-5.02121e-13
-8.88	-8.27934e-13
-8.82	-1.35991e-12
-8.76	-2.22512e-12
-8.7	-3.62679e-12
-8.64	-5.88862e-12
-8.58	-9.52415e-12
-8.52	-1.53447e-11
-8.46	-2.4627e-11
-8.4	-3.93713e-11
-8.34	-6.26993e-11
-8.28	-9.94623e-11
-8.22	-1.57168e-10
-8.16	-2.47389e-10
-8.1	-3.87886e-10
-8.04	-6.05802e-10
-7.98	-9.42456e-10
-7.92	-1.46047e-09
-7.86	-2.25435e-09
-7.8	-3.46613e-09
-7.74	-5.3084e-09
-7.68	-8.09791e-09
-7.62	-1.23047e-08
-7.56	-1.86232e-08
-7.5	-2.80751e-08
-7.44	-4.2157e-08
-7.38	-6.30515e-08
-7.32	-9.39282e-08
-7.26	-1.3937e-07
-7.2	-2.05973e-07
-7.14	-3.03191e-07
-7.08	-4.44515e-07
-7.02	-6.49106e-07
-6.96	-9.44061e-07
-6.9	-1.36753e-06
-6.84	-1.97298e-06
-6.78	-2.83499e-06
-6.72	-4.05716e-06
-6.66	-5.78269e-06
-6.6	-8.20862e-06
-6.54	-1.16048e-05
-6.48	-1.63392e-05
-6.42	-2.29109e-05
-6.36	-3.1994e-05
-6.3	-4.44943e-05
-6.24	-6.16233e-05
-6.18	-8.49933e-05
-6.12	-0.00011674
-6.06	-0.000159676
-6	-0.000217492
-5.94	-0.000295001
-5.88	-0.00039845
-5.82	-0.000535903
-5.76	-0.000717721
-5.7	-0.000957138
-5.64	-0.00127097
-5.58	-0.00168046
-5.52	-0.00221233
-5.46	-0.00289993
-5.4	-0.00378472
-5.34	-0.00491791
-5.28	-0.00636234
-5.22	-0.0081947
-5.16	-0.010508
-5.1	-0.0134141
-5.04	-0.0170472
-4.98	-0.0215665
-4.92	-0.0271599
-4.86	-0.0340475
-4.8	-0.042485
-4.74	-0.0527674
-4.68	-0.0652319
-4.62	-0.0802605
-4.56	-0.0982817
-4.5	-0.119772
-4.44	-0.145254
-4.38	-0.175295
-4.32	-0.210504
-4.26	-0.251521
-4.2	-0.29901
-4.14	-0.353645
-4.08	-0.416094
-4.02	-0.486996
-3.96	-0.566937
-3.9	-0.656422
-3.84	-0.755843
-3.78	-0.865437
-3.72	-0.985256
-3.66	-1.11512
-3.6	-1.25457
-3.54	-1.40284
-3.48	-1.55881
-3.42	-1.72097
-3.36	-1.88741
-3.3	-2.05578
-3.24	-2.22329
-3.18	-2.38674
-3.12	-2.54254
-3.06	-2.68672
-3	-2.81505
-2.94	-2.92309
-2.88	-3.00634
-2.82	-3.06032
-2.76	-3.08074
-2.7	-3.06369
-2.64	-3.00577
-2.58	-2.90431
-2.52	-2.75752
-2.46	-2.56466
-2.4	-2.32623
-2.34	-2.04402
-2.28	-1.72129
-2.22	-1.36272
-2.16	-0.974474
-2.1	-0.564114
-2.04	-0.140461
-1.98	0.28658
-1.92	0.706273
-1.86	1.10735
-1.8	1.47839
-1.74	1.80818
-1.68	2.08616
-1.62	2.30284
-1.56	2.45025
-1.5	2.52226
-1.44	2.51504
-1.38	2.42721
-1.32	2.26013
-1.26	2.01796
-1.2	1.70763
-1.14	1.33873
-1.08	0.92324
-1.02	0.4752
-0.96	0.0102052
-0.9	-0.455126
-0.84	-0.903784
-0.78	-1.31902
-0.72	-1.68505
-0.66	-1.98768
-0.6	-2.21493
-0.54	-2.35761
-0.48	-2.40969
-0.42	-2.36865
-0.36	-2.23561
-0.3	-2.01537
-0.24	-1.71625
-0.18	-1.34974
-0.12	-0.930118
-0.06	-0.473837
0	0.0011374
0.06	0.476067
0.12	0.932215
0.18	1.35162
0.24	1.71784
0.3	2.01661
0.36	2.23645
0.42	2.36905
0.48	2.40965
0.54	2.35712
0.6	2.21402
0.66	1.98636
0.72	1.68339
0.78	1.31709
0.84	0.901636
0.9	0.452849
0.96	-0.0125292
1.02	-0.477486
1.08	-0.925408
1.14	-1.3407
1.2	-1.70934
1.26	-2.01935
1.32	-2.26115
1.38	-2.42782
1.44	-2.51522
1.5	-2.52202
1.56	-2.44958
1.62	-2.30178
1.68	-2.08472
1.74	-1.80642
1.8	-1.47635
1.86	-1.10509
1.92	-0.703854
1.98	-0.284065
2.04	0.143008
2.1	0.56663
2.16	0.976899
2.22	1.36499
2.28	1.72337
2.34	2.04587
2.4	2.3278
2.46	2.56593
2.52	2.75846
2.58	2.90491
2.64	3.00601
2.7	3.06357
2.76	3.08027
2.82	3.0595
2.88	3.00518
2.94	2.9216
3	2.81324
3.06	2.6846
3.12	2.54013
3.18	2.38406
3.24	2.22034
3.3	2.05256
3.36	1.88393
3.42	1.71738
3.48	1.55514
3.54	1.39916
3.6	1.25093
3.66	1.11158
3.72	0.981853
3.78	0.862202
3.84	0.7528
3.9	0.653588
3.96	0.564322
4.02	0.484603
4.08	0.413924
4.14	0.351692
4.2	0.297265
4.26	0.249974
4.32	0.209142
4.38	0.174104
4.44	0.144219
4.5	0.118879
4.56	0.0975164
4.62	0.0796083
4.68	0.0646795
4.74	0.0523023
4.8	0.0420955
4.86	0.0337232
4.92	0.0268915
4.98	0.0213456
5.04	0.0168663
5.1	0.0132668
5.16	0.0103886
5.22	0.00809849
5.28	0.0062852
5.34	0.00485638
5.4	0.00373588
5.46	0.00286136
5.52	0.00218202
5.58	0.00165676
5.64	0.00125252
5.7	0.000942852
5.76	0.00070671
5.82	0.000527456
5.88	0.000392
5.94	0.000290099
6	0.000213784
6.06	0.000156884
6.12	0.000114647
6.18	8.34317e-05
6.24	6.04634e-05
6.3	4.36367e-05
6.36	3.13627e-05
6.42	2.24482e-05
6.48	1.60016e-05
6.54	1.13596e-05
6.6	8.03127e-06
6.66	5.65499e-06
6.72	3.96561e-06
6.78	2.76964e-06
6.84	1.92653e-06
6.9	1.33466e-06
6.96	9.20899e-07
7.02	6.32854e-07
7.08	4.33161e-07
7.14	2.95292e-07
7.2	2.005e-07
7.26	1.35595e-07
7.32	9.13348e-08
7.38	6.12774e-08
7.44	4.09484e-08
7.5	2.72553e-08
7.56	1.80693e-08
7.62	1.1932e-08
7.68	7.84823e-09
7.74	5.1418e-09
7.8	3.35543e-09
7.86	2.18108e-09
7.92	1.41218e-09
7.98	9.10762e-10
8.04	5.85084e-10
8.1	3.74396e-10
8.16	2.38643e-10
8.22	1.5152e-10
8.28	9.58293e-11
8.34	6.0372e-11
8.4	3.78864e-11
8.46	2.36834e-11
8.52	1.47476e-11
8.58	9.14772e-12
8.64	5.65227e-12
8.7	3.47899e-12
8.76	2.13307e-12
8.82	1.30281e-12
8.88	7.92646e-13
8.94	4.80402e-13
9	2.9004e-13
9.06	1.74438e-13
9.12	1.04509e-13
9.18	6.23737e-14
9.24	3.70835e-14
9.3	2.19632e-14
9.36	1.29582e-14
9.42	7.61613e-15
9.48	4.45925e-15
9.54	2.60093e-15
9.6	1.51125e-15
9.66	8.74757e-16
9.72	5.04408e-16
9.78	2.89748e-16
9.84	1.65808e-16
9.9	9.45231e-17
9.96	5.36807e-17
10.02	3.03701e-17
10.08	1.71169e-17
10.14	9.61072e-18
10.2	5.37574e-18
10.26	2.99553e-18
10.32	1.66288e-18
10.38	9.19614e-19
10.44	5.06647e-19
10.5	2.78075e-19
10.56	1.52046e-19
10.62	8.28222e-20
10.68	4.49446e-20
10.74	2.42979e-20
10.8	1.30864e-20
10.86	7.02157e-21
10.92	3.75327e-21
10.98	1.9987e-21
11.04	1.06035e-21
11.1	5.60425e-22
11.16	2.95087e-22
11.22	1.54792e-22
11.28	8.08931e-23
11.34	4.21156e-23
11.4	2.18445e-23
11.46	1.12878e-23
11.52	5.81096e-24
11.58	2.98026e-24
11.64	1.52276e-24
11.7	7.75138e-25
11.76	3.93096e-25
11.82	1.98605e-25
11.88	9.99664e-26
11.94	5.01292e-26
12	2.50439e-26
12.06	1.24648e-26
12.12	6.18081e-27
12.18	3.05338e-27
12.24	1.50276e-27
12.3	7.36846e-28
12.36	3.59948e-28
12.42	1.75178e-28
12.48	8.49369e-29
12.54	4.10291e-29
12.6	1.97454e-29
12.66	9.46711e-30
12.72	4.52219e-30
12.78	2.15209e-30
12.84	1.02035e-30
12.9	4.81972e-31
12.96	2.26816e-31
13.02	1.06342e-31
13.08	4.96731e-32
13.14	2.31162e-32
13.2	1.07176e-32
13.26	4.95058e-33
13.32	2.27824e-33
13.38	1.04454e-33
13.44	4.77129e-34
13.5	2.17135e-34
13.56	9.84481e-35
13.62	4.44702e-35
13.68	2.00132e-35
13.74	8.97319e-36
13.8	4.00833e-36
13.86	1.78388e-36
13.92	7.90956e-37
13.98	3.49402e-37
14.04	1.53775e-37
14.1	6.74264e-38
14.16	2.94552e-38
14.22	1.28198e-38
14.28	5.55888e-39
14.34	2.40149e-39
14.4	1.03362e-39
14.46	4.4323e-40
14.52	1.89358e-40
14.58	8.05985e-41
14.64	3.41781e-41
14.7	1.44381e-41
14.76	6.07271e-42
14.82	2.53559e-42
14.88	1.03291e-42
14.94	3.66605e-43
15	0

